0 4 59 130 68 0
1 1 63 126 64 0
2 2 62 129 65 0
3 1 45 127 83 0
4 4 20 130 107 0
5 6 59 127 146 0
6 7 124 127 212 0
7 4 131 127 205 1
8 3 129 127 207 1
9 6 172 130 164 1
10 6 88 128 81 0
11 3 63 126 106 0
12 6 134 127 177 1
13 5 105 128 148 0
14 2 110 127 144 0
15 4 135 127 169 1
16 3 153 127 152 1
17 4 155 129 149 1
18 6 105 127 99 0
19 4 145 127 58 1
20 5 132 127 45 1
21 6 153 128 67 1
22 5 155 128 69 1
23 6 132 128 45 1
24 6 82 128 96 0
25 8 107 129 70 0
26 7 167 128 130 1
27 5 145 129 108 1
28 4 123 128 130 0
29 6 170 129 83 1
30 5 91 127 161 0
31 3 182 127 70 1
32 6 165 130 88 1
33 5 169 127 83 1
34 7 131 127 45 1
35 7 119 128 57 0
36 5 170 129 108 1
37 4 190 128 89 1
38 2 180 127 98 1
39 2 94 128 184 0
40 4 121 127 211 0
41 3 140 128 230 1
42 3 88 128 179 0
43 2 125 128 142 0
44 2 111 128 156 0
45 0 80 127 187 0
46 0 120 127 147 0
47 5 171 125 198 1
48 3 238 127 131 1
49 3 160 128 53 1
50 7 66 130 147 0
51 4 72 130 153 0
52 5 135 128 91 1
53 4 120 128 105 0
54 4 64 128 162 0
55 2 116 127 110 0
56 2 65 128 161 0
57 5 93 126 189 0
58 7 116 127 212 0
59 4 127 127 201 0
60 2 183 127 145 1
61 4 186 129 142 1
62 4 115 128 213 0
63 4 68 128 165 0
64 7 51 126 148 0
65 5 83 127 116 0
66 4 76 128 122 0
67 7 153 129 46 1
68 3 209 130 102 1
69 2 195 129 88 1
70 2 150 128 43 1
71 4 135 129 58 1
72 2 124 127 68 0
73 5 204 126 148 1
74 3 118 129 62 0
75 5 201 127 145 1
76 4 175 129 119 1
77 2 194 129 138 1
78 4 155 127 99 1
79 4 173 128 117 1
80 4 200 128 90 1
81 2 85 127 205 0
82 1 92 128 212 0
83 1 50 128 170 0
84 3 162 129 58 1
85 4 212 128 107 1
86 5 118 128 202 0
87 8 222 130 97 1
88 9 147 128 172 1
89 3 102 131 127 0
90 2 172 128 57 1
91 4 190 127 75 1
92 3 213 128 98 1
93 1 162 129 47 1
94 3 159 129 51 1
95 2 239 129 131 1
96 4 231 127 123 1
97 6 142 129 212 1
98 4 228 127 126 1
99 3 185 127 169 1
100 5 116 127 101 0
101 6 149 128 133 1
102 5 157 128 141 1
103 4 186 128 112 1
104 1 150 129 76 1
105 1 56 128 170 0
106 3 39 127 154 0
107 5 85 129 108 0
108 5 101 128 92 0
109 3 161 129 152 1
110 2 90 129 80 0
111 2 27 128 143 0
112 2 47 128 122 0
113 6 44 126 119 0
114 5 126 127 37 0
115 6 191 128 102 1
116 7 125 127 36 0
117 6 136 129 47 1
118 6 187 128 97 1
119 7 172 127 83 1
120 4 173 127 81 1
121 2 71 127 184 0
122 3 108 128 146 0
123 3 99 128 137 0
124 5 123 129 114 0
125 3 84 127 153 0
126 3 98 128 138 0
127 1 135 127 101 1
128 3 162 127 128 1
129 6 166 130 124 1
130 6 155 128 113 1
131 5 120 127 148 0
132 4 60 129 88 0
133 4 120 128 148 0
134 4 103 128 165 0
135 4 97 128 159 0
136 3 187 127 69 1
137 6 213 127 94 1
138 7 138 128 169 1
139 3 155 130 187 1
140 4 59 128 90 0
141 2 127 127 22 0
142 1 14 127 135 0
143 0 15 127 134 0
144 2 71 127 190 0
145 2 50 128 169 0
146 3 13 127 132 0
147 6 44 127 163 0
148 4 109 129 227 0
149 5 127 127 246 0
150 4 98 129 217 0
151 4 189 128 125 1
152 7 113 129 202 0
153 7 40 128 129 0
154 5 140 129 228 1
155 5 58 128 147 0
156 3 52 127 154 0
157 4 73 129 132 0
158 5 89 127 148 0
159 5 143 128 94 1
160 6 180 129 57 1
161 3 192 129 68 1
162 0 229 130 105 1
163 1 168 127 44 1
164 0 159 129 36 1
165 0 175 128 51 1
166 4 167 130 59 1
167 3 135 128 27 1
168 5 174 127 66 1
169 4 68 128 171 0
170 3 163 127 77 1
171 5 148 127 62 1
172 3 59 127 151 0
173 2 114 128 97 0
174 0 87 127 124 0
175 0 77 128 133 0
176 5 155 125 211 1
177 6 56 128 112 0
178 1 93 125 74 0
179 2 74 128 55 0
180 4 177 127 158 1
181 7 167 129 168 1
182 7 74 128 76 0
183 6 116 128 34 0
184 6 139 128 57 1
185 4 44 127 152 0
186 2 104 127 91 0
187 2 155 128 41 1
188 2 87 128 109 0
189 5 72 126 93 0
190 3 81 129 103 0
191 4 124 129 60 0
192 3 69 127 115 0
193 2 149 128 35 1
194 3 124 128 60 0
195 3 189 128 124 1
196 2 193 128 119 1
197 2 199 128 125 1
198 4 184 129 140 1
199 3 189 128 145 1
200 2 142 128 191 1
201 3 49 127 98 0
202 1 47 129 96 0
203 4 50 130 93 0
204 2 152 129 195 1
205 5 221 129 126 1
206 3 119 129 24 0
207 4 226 128 131 1
208 3 234 127 123 1
209 4 188 128 77 1
210 6 162 129 102 1
211 5 215 128 155 1
212 4 154 128 215 1
213 5 167 128 202 1
214 7 187 129 183 1
215 7 132 128 237 1
216 7 225 128 144 1
217 3 124 130 44 0
218 3 172 128 91 1
219 4 74 129 188 0
220 3 117 128 230 0
221 5 58 127 171 0
222 5 72 128 185 0
223 3 87 127 170 0
224 4 131 128 214 1
225 7 100 126 182 0
226 7 111 128 194 0
227 5 175 127 130 1
228 4 171 128 134 1
229 2 105 129 68 0
230 5 170 126 133 1
231 3 98 129 61 0
232 5 128 127 91 1
233 5 192 128 155 1
234 4 99 129 62 0
235 2 95 127 65 0
236 3 69 128 92 0
237 4 142 128 165 1
238 4 92 128 115 0
239 6 141 127 164 1
240 8 169 127 192 1
241 8 141 128 164 1
242 5 168 126 138 1
243 4 137 129 106 1
244 5 106 128 137 0
245 3 172 129 204 1
246 3 205 128 171 1
247 0 201 127 175 1
248 3 221 129 155 1
249 2 190 128 186 1
250 4 112 127 107 0
251 4 125 128 121 0
252 3 114 128 110 0
253 4 165 128 161 1
254 6 213 129 113 1
255 6 219 128 107 1
256 3 209 126 116 1
257 5 221 127 128 1
258 2 217 130 124 1
259 1 230 128 137 1
260 3 125 129 242 0
261 0 195 127 172 1
262 1 163 128 204 1
263 1 75 128 116 0
264 3 61 127 101 0
265 3 100 128 140 0
266 3 69 128 109 0
267 2 103 128 75 0
268 3 118 127 89 0
269 2 98 128 109 0
270 6 66 126 78 0
271 5 135 127 9 1
272 5 159 128 34 1
273 4 138 128 55 1
274 2 182 129 100 1
275 2 159 128 122 1
276 4 188 129 93 1
277 5 200 127 106 1
278 3 188 127 118 1
279 3 178 128 108 1
280 5 197 129 89 1
281 5 143 128 35 1
282 8 125 127 16 0
283 8 128 128 19 1
284 4 56 126 91 0
285 7 84 126 119 0
286 4 74 127 129 0
287 6 99 129 104 0
288 5 149 128 154 1
289 1 115 126 188 0
290 4 181 130 121 1
291 4 99 128 39 0
292 4 113 128 53 0
293 4 132 128 72 1
294 4 43 128 162 0
295 5 114 128 91 0
296 8 95 130 109 0
297 5 165 126 39 1
298 5 242 128 116 1
299 5 160 128 34 1
300 2 121 127 74 0
301 1 161 128 115 1
302 2 190 128 144 1
303 0 156 129 109 1
304 1 173 127 126 1
305 6 130 131 169 1
306 7 212 128 88 1
307 8 194 129 106 1
308 5 129 126 170 1
309 4 164 129 205 1
310 5 163 128 205 1
311 6 123 129 245 0
312 4 67 129 189 0
313 1 37 129 159 0
314 5 124 130 72 0
315 5 114 128 63 0
316 2 53 127 124 0
317 4 50 127 121 0
318 7 61 129 111 0
319 4 121 127 50 0
320 6 96 129 76 0
321 3 174 129 154 1
322 5 88 127 68 0
323 2 97 130 77 0
324 2 100 128 73 0
325 1 29 127 144 0
326 4 49 127 164 0
327 5 99 127 214 0
328 4 67 129 183 0
329 2 66 127 184 0
330 1 156 127 93 1
331 0 137 128 113 1
332 1 87 128 163 0
333 1 171 128 79 1
334 6 156 126 64 1
335 3 146 126 74 1
336 4 142 129 78 1
337 6 61 129 159 0
338 3 94 129 192 0
339 1 167 127 120 1
340 2 145 128 98 1
341 0 186 129 139 1
342 2 125 129 201 0
343 4 51 127 127 0
344 3 45 127 134 0
345 4 68 129 110 0
346 6 43 127 85 0
347 4 55 127 73 0
348 3 109 127 19 0
349 4 119 129 8 0
350 2 87 127 41 0
351 2 137 128 92 1
352 2 193 128 147 1
353 0 120 129 75 0
354 4 54 130 141 0
355 3 122 127 73 0
356 1 129 127 66 1
357 2 125 129 70 0
358 3 128 127 74 1
359 2 112 129 58 0
360 2 93 128 77 0
361 0 64 127 106 0
362 1 151 127 193 1
363 3 175 129 170 1
364 3 116 128 111 0
365 3 136 128 91 1
366 3 147 128 80 1
367 4 102 129 125 0
368 4 165 128 189 1
369 1 169 129 192 1
370 3 165 129 196 1
371 7 144 126 175 1
372 5 168 127 152 1
373 4 176 128 143 1
374 7 115 129 204 0
375 5 112 127 208 0
376 5 37 128 133 0
377 3 44 129 140 0
378 4 106 129 77 0
379 2 108 129 79 0
380 2 157 128 128 1
381 3 134 127 105 1
382 3 107 128 132 0
383 3 87 128 152 0
384 3 54 128 118 0
385 4 103 128 168 0
386 6 103 129 168 0
387 6 160 128 111 1
388 5 84 127 186 0
389 6 189 129 82 1
390 3 162 129 54 1
391 5 129 129 88 1
392 6 141 129 75 1
393 6 76 128 141 0
394 3 132 129 197 1
395 4 150 129 178 1
396 2 70 129 98 0
397 2 32 128 136 0
398 3 68 128 100 0
399 3 128 128 40 1
400 2 57 128 112 0
401 4 135 129 33 1
402 5 134 128 34 1
403 3 108 127 60 0
404 1 126 127 42 0
405 0 26 128 142 0
406 5 90 125 206 0
407 5 114 128 181 0
408 4 193 128 103 1
409 3 134 128 45 1
410 5 30 129 149 0
411 4 70 128 109 0
412 4 88 128 91 0
413 2 102 127 77 0
414 3 181 127 155 1
415 2 85 129 60 0
416 5 119 129 26 0
417 3 93 127 53 0
418 2 40 128 105 0
419 3 150 127 215 1
420 5 145 129 220 1
421 4 228 128 138 1
422 3 126 128 36 0
423 5 54 129 108 0
424 3 95 127 67 0
425 4 123 129 39 0
426 1 20 126 142 0
427 4 33 127 154 0
428 3 46 128 167 0
429 4 72 128 194 0
430 3 144 127 122 1
431 4 135 128 114 1
432 7 124 129 125 0
433 5 149 129 149 1
434 5 136 128 161 1
435 4 93 128 205 0
436 5 122 128 175 0
437 6 92 129 205 0
438 6 54 128 167 0
439 6 103 128 118 0
440 5 74 128 88 0
441 5 110 128 52 0
442 4 132 128 29 1
443 4 111 128 51 0
444 2 181 129 121 1
445 3 175 128 126 1
446 5 116 127 66 0
447 4 113 129 63 0
448 7 144 126 95 1
449 6 163 129 114 1
450 7 186 127 136 1
451 6 175 128 147 1
452 2 161 130 134 1
453 1 88 128 60 0
454 3 196 127 168 1
455 4 200 129 165 1
456 3 138 128 103 1
457 0 106 130 71 0
458 3 85 126 50 0
459 4 15 129 120 0
460 4 61 128 74 0
461 5 24 128 111 0
462 5 100 128 187 0
463 8 30 127 117 0
464 6 140 129 226 1
465 4 61 129 147 0
466 3 109 127 99 0
467 1 157 127 51 1
468 1 92 128 116 0
469 2 99 128 123 0
470 2 55 128 167 0
471 5 90 129 132 0
472 4 85 128 136 0
473 3 100 127 121 0
474 2 171 128 51 1
475 3 202 127 82 1
476 5 183 129 101 1
477 4 172 128 112 1
478 5 149 128 136 1
479 3 139 129 126 1
480 2 106 129 93 0
481 3 114 127 101 0
482 5 161 129 54 1
483 3 214 129 107 1
484 4 120 128 13 0
485 5 139 127 32 1
486 5 37 128 133 0
487 4 73 128 98 0
488 7 133 126 159 1
489 6 136 129 162 1
490 4 66 129 92 0
491 2 35 127 124 0
492 4 125 127 213 0
493 4 146 128 192 1
494 5 135 128 203 1
495 2 111 130 179 0
496 2 94 128 196 0
497 4 102 127 204 0
498 2 25 129 127 0
499 3 102 128 51 0
500 1 119 129 68 0
501 2 187 128 136 1
502 1 127 128 76 0
503 0 109 129 59 0
504 4 145 130 23 1
505 4 179 128 57 1
506 5 224 127 102 1
507 5 187 128 66 1
508 3 95 127 158 0
509 1 80 127 172 0
510 4 164 130 89 1
511 4 126 128 127 0
512 4 164 128 89 1
513 2 135 127 118 1
514 4 157 129 95 1
515 3 181 127 71 1
516 2 154 128 99 1
517 4 122 129 131 0
518 4 154 128 164 1
519 3 161 128 170 1
520 4 133 128 143 1
521 6 172 129 103 1
522 4 210 129 140 1
523 4 216 128 134 1
524 5 127 127 44 0
525 5 219 128 137 1
526 3 216 127 140 1
527 7 193 126 117 1
528 6 217 129 141 1
529 7 195 128 164 1
530 5 159 127 199 1
531 5 142 128 182 1
532 4 203 128 121 1
533 7 149 129 175 1
534 7 134 128 160 1
535 5 128 129 153 1
536 4 101 128 180 0
537 2 171 127 110 1
538 3 153 127 92 1
539 4 148 128 87 1
540 4 79 128 156 0
541 3 151 127 84 1
542 3 147 128 80 1
543 6 167 130 59 1
544 4 209 129 101 1
545 4 182 128 75 1
546 5 110 128 146 0
547 4 94 128 163 0
548 6 113 129 144 0
549 5 110 127 146 0
550 2 111 127 146 0
551 1 125 128 160 0
552 3 86 129 199 0
553 7 128 126 242 1
554 8 45 128 159 0
555 5 62 126 142 0
556 8 79 130 125 0
557 9 92 128 111 0
558 3 86 131 105 0
559 3 130 128 61 1
560 4 90 129 101 0
561 5 95 128 96 0
562 4 158 129 160 1
563 4 142 128 144 1
564 3 161 128 162 1
565 4 168 129 155 1
566 4 156 128 167 1
567 6 155 129 168 1
568 4 62 129 74 0
569 1 110 129 122 0
570 2 119 128 131 0
571 4 77 127 89 0
572 5 43 128 122 0
573 7 74 129 92 0
574 5 119 127 47 0
575 6 144 128 72 1
576 7 167 127 95 1
577 4 188 127 75 1
578 4 80 128 182 0
579 3 146 127 117 1
580 5 106 127 77 0
581 7 79 127 50 0
582 4 113 127 16 0
583 3 201 128 105 1
584 0 207 130 110 1
585 3 176 129 141 1
586 5 97 127 62 0
587 6 129 128 94 1
588 3 186 129 151 1
589 4 116 129 221 0
590 3 65 128 171 0
591 3 61 128 175 0
592 6 89 127 203 0
593 5 128 127 164 1
594 6 137 128 173 1
595 5 74 128 109 0
596 6 39 129 144 0
597 5 75 128 180 0
598 7 15 127 121 0
599 4 119 127 17 0
600 5 122 127 19 0
601 1 97 126 44 0
602 2 78 129 63 0
603 1 29 127 112 0
604 2 78 128 162 0
605 3 115 128 126 0
606 1 101 127 140 0
607 0 118 128 122 0
608 1 163 128 77 1
609 4 160 127 73 1
610 5 167 128 66 1
611 6 183 128 82 1
612 5 119 127 146 0
613 5 130 128 157 1
614 5 98 128 125 0
615 4 118 128 106 0
616 6 108 127 96 0
617 4 171 129 159 1
618 5 166 127 154 1
619 3 169 129 157 1
620 4 212 129 114 1
621 2 233 129 134 1
622 4 135 129 232 1
623 5 63 127 160 0
624 5 173 128 49 1
625 4 113 128 110 0
626 3 176 128 173 1
627 4 119 128 116 0
628 2 91 129 89 0
629 2 115 128 65 0
630 5 37 129 143 0
631 4 84 128 96 0
632 6 91 127 104 0
633 8 142 127 154 1
634 4 147 126 149 1
635 4 120 128 176 0
636 2 39 129 94 0
637 3 16 128 116 0
638 4 123 128 223 0
639 5 14 127 114 0
640 4 128 128 1 1
641 5 82 128 47 0
642 4 70 128 58 0
643 4 19 128 109 0
644 4 9 128 119 0
645 4 10 128 120 0
646 5 21 127 131 0
647 3 89 127 63 0
648 6 191 127 165 1
649 6 148 128 121 1
650 4 170 127 99 1
651 6 192 129 76 1
652 3 138 129 22 1
653 5 79 129 81 0
654 6 128 129 32 1
655 5 89 127 71 0
656 6 118 129 43 0
657 3 142 129 67 1
658 4 140 129 69 1
659 3 224 128 153 1
660 2 132 128 245 1
661 5 230 129 146 1
662 6 233 129 143 1
663 6 188 128 98 1
664 4 224 129 134 1
665 4 124 128 34 0
666 5 118 128 39 0
667 2 209 130 131 1
668 2 225 128 115 1
669 4 126 129 214 0
670 4 169 128 171 1
671 2 187 129 188 1
672 4 237 129 138 1
673 2 213 129 113 1
674 1 176 128 76 1
675 0 200 129 100 1
676 2 178 129 122 1
677 6 210 126 154 1
678 6 97 128 41 0
679 7 94 127 38 0
680 2 87 126 46 0
681 3 47 128 86 0
682 2 64 128 68 0
683 5 27 129 106 0
684 5 112 128 190 0
685 8 95 127 173 0
686 9 119 127 197 0
687 10 50 128 128 0
688 5 115 125 63 0
689 4 134 128 44 1
690 3 195 128 105 1
691 2 213 129 123 1
692 1 125 128 35 0
693 2 135 129 25 1
694 1 52 127 108 0
695 4 81 127 136 0
696 7 59 126 114 0
697 6 51 129 106 0
698 3 82 129 137 0
699 1 95 127 124 0
700 1 148 128 71 1
701 0 96 127 123 0
702 1 63 127 89 0
703 3 57 129 95 0
704 2 118 129 157 0
705 3 172 128 103 1
706 5 163 129 112 1
707 2 184 127 92 1
708 4 119 129 156 0
709 2 162 127 113 1
710 2 90 128 41 0
711 4 109 129 22 0
712 1 84 126 46 0
713 2 31 129 99 0
714 3 78 127 146 0
715 2 156 128 68 1
716 2 201 128 113 1
717 1 131 128 43 1
718 3 145 129 29 1
719 2 133 128 42 1
720 1 151 127 23 1
721 4 141 127 14 1
722 4 63 128 92 0
723 7 113 126 142 0
724 6 131 129 160 1
725 6 123 128 152 0
726 4 113 129 142 0
727 1 178 126 77 1
728 0 148 128 106 1
729 0 132 127 122 1
730 1 129 127 120 1
731 4 166 127 157 1
732 3 132 128 123 1
733 4 109 128 99 0
734 5 100 128 108 0
735 7 149 127 156 1
736 5 169 127 135 1
737 3 201 129 166 1
738 2 196 129 161 1
739 0 153 129 119 1
740 0 149 129 114 1
741 0 131 128 97 1
742 0 87 127 53 0
743 4 75 131 65 0
744 5 125 127 115 0
745 4 149 128 90 1
746 3 75 127 165 0
747 5 84 129 156 0
748 4 111 128 129 0
749 3 73 127 167 0
750 3 140 128 100 1
751 3 81 128 159 0
752 6 55 127 132 0
753 3 107 126 80 0
754 4 201 128 174 1
755 5 205 128 170 1
756 4 177 129 142 1
757 4 205 128 170 1
758 6 219 129 155 1
759 8 188 129 186 1
760 7 238 127 136 1
761 8 214 129 160 1
762 5 169 129 115 1
763 7 186 129 98 1
764 6 201 128 83 1
765 1 205 130 87 1
766 2 197 128 79 1
767 3 123 127 5 0
768 1 98 127 29 0
769 0 56 128 72 0
770 5 115 125 131 0
771 5 176 128 70 1
772 4 171 128 76 1
773 2 179 127 68 1
774 3 131 127 20 1
775 6 97 130 53 0
776 3 16 126 135 0
777 5 113 127 232 0
778 6 97 128 216 0
779 5 119 128 238 0
780 1 234 126 124 1
781 3 134 127 23 1
782 1 178 129 67 1
783 2 203 128 92 1
784 6 93 130 202 0
785 7 159 128 136 1
786 5 104 127 191 0
787 4 187 128 108 1
788 2 105 129 27 0
789 3 99 128 34 0
790 7 160 126 95 1
791 3 114 126 140 0
792 2 60 129 85 0
793 3 51 128 94 0
794 4 149 128 192 1
795 4 54 128 97 0
796 6 68 127 110 0
797 6 66 128 113 0
798 3 81 129 128 0
799 2 143 128 66 1
800 1 137 128 60 1
801 2 59 129 139 0
802 3 46 127 127 0
803 4 104 128 184 0
804 6 78 127 159 0
805 5 137 128 218 1
806 5 172 128 183 1
807 7 97 127 109 0
808 4 109 127 97 0
809 6 189 127 177 1
810 5 214 127 152 1
811 6 201 129 165 1
812 3 163 129 127 1
813 3 92 128 198 0
814 2 145 128 146 1
815 4 130 127 131 1
816 4 86 128 86 0
817 5 58 128 114 0
818 5 87 128 143 0
819 5 119 128 175 0
820 5 147 128 203 1
821 4 202 128 148 1
822 3 155 128 101 1
823 3 211 128 157 1
824 5 144 129 224 1
825 4 46 129 126 0
826 2 107 129 186 0
827 2 138 128 155 1
828 3 165 128 128 1
829 2 142 128 151 1
830 4 194 129 99 1
831 4 200 128 105 1
832 2 111 127 195 0
833 3 181 128 125 1
834 7 172 126 116 1
835 6 113 129 56 0
836 5 141 128 84 1
837 5 125 128 68 0
838 6 67 129 126 0
839 4 49 127 144 0
840 3 128 127 66 1
841 3 79 128 115 0
842 4 128 129 65 1
843 3 110 127 84 0
844 1 72 127 122 0
845 4 150 127 200 1
846 6 168 129 181 1
847 3 109 129 121 0
848 5 67 127 80 0
849 5 55 128 92 0
850 2 129 127 19 1
851 5 18 129 129 0
852 6 91 128 202 0
853 7 31 127 143 0
854 9 72 127 183 0
855 6 21 130 133 0
856 5 92 127 61 0
857 4 108 128 46 0
858 3 162 128 100 1
859 7 73 130 189 0
860 4 54 130 171 0
861 5 16 127 132 0
862 4 103 129 219 0
863 5 172 128 150 1
864 3 78 129 55 0
865 5 19 129 115 0
866 4 114 129 211 0
867 1 112 126 213 0
868 2 145 129 180 1
869 4 143 129 182 1
870 5 58 127 96 0
871 5 82 128 72 0
872 6 136 129 18 1
873 4 151 129 32 1
874 4 138 128 46 1
875 6 120 127 28 0
876 3 147 129 55 1
877 4 232 128 140 1
878 2 122 129 30 0
879 3 131 128 22 1
880 4 137 129 16 1
881 4 74 128 79 0
882 3 79 128 83 0
883 4 68 128 73 0
884 3 66 127 76 0
885 4 171 128 181 1
886 2 116 129 126 0
887 3 96 127 107 0
888 4 122 129 81 0
889 5 139 127 98 1
890 6 191 128 150 1
891 6 199 128 142 1
892 5 124 127 217 0
893 3 151 127 190 1
894 3 79 128 119 0
895 4 49 129 150 0
896 4 150 128 48 1
897 2 163 129 61 1
898 3 55 128 169 0
899 2 150 128 74 1
900 3 116 127 41 0
901 1 116 127 42 0
902 0 59 128 99 0
903 1 95 128 63 0
904 5 150 126 119 1
905 6 130 128 99 1
906 5 174 127 55 1
907 3 175 129 56 1
908 2 138 129 19 1
909 2 167 128 47 1
910 1 135 128 16 1
911 3 57 129 93 0
912 1 124 127 27 0
913 4 20 130 130 0
914 2 101 127 50 0
915 3 121 128 29 0
916 4 110 129 40 0
917 3 25 127 125 0
918 4 115 128 215 0
919 3 59 128 159 0
920 3 92 128 126 0
921 2 64 128 154 0
922 7 94 125 184 0
923 6 50 129 140 0
924 2 122 126 68 0
925 0 47 127 143 0
926 1 90 128 99 0
927 6 172 126 181 1
928 7 70 127 79 0
929 3 98 126 52 0
930 4 121 128 75 0
931 5 77 128 119 0
932 4 100 129 142 0
933 5 106 127 148 0
934 5 53 128 95 0
935 4 111 129 153 0
936 6 187 129 76 1
937 6 136 128 25 1
938 6 127 128 35 0
939 6 125 128 32 0
940 5 89 127 68 0
941 5 121 128 101 0
942 4 79 128 144 0
943 6 55 127 120 0
944 6 81 128 94 0
945 3 105 129 118 0
946 1 159 129 173 1
947 2 121 129 211 0
948 0 111 127 221 0
949 3 45 126 156 0
950 7 132 130 69 1
951 5 125 129 62 0
952 2 122 127 64 0
953 4 218 127 160 1
954 3 239 127 138 1
955 7 201 126 100 1
956 6 105 128 196 0
957 5 212 127 89 1
958 4 213 129 90 1
959 6 212 129 91 1
960 5 198 127 105 1
961 2 143 130 49 1
962 3 222 127 129 1
963 6 221 130 130 1
964 6 147 128 205 1
965 4 95 129 153 0
966 2 179 127 70 1
967 2 82 128 166 0
968 6 119 126 203 0
969 4 135 129 219 1
970 6 101 127 185 0
971 7 60 127 144 0
972 3 78 126 126 0
973 5 47 127 95 0
974 4 51 128 91 0
975 4 96 128 46 0
976 1 96 126 46 0
977 0 24 128 118 0
978 2 32 127 126 0
979 4 76 127 169 0
980 3 118 128 211 0
981 3 103 128 197 0
982 2 56 129 149 0
983 4 150 129 55 1
984 2 105 127 99 0
985 3 135 128 70 1
986 5 75 129 130 0
987 5 69 128 125 0
988 5 84 128 139 0
989 3 132 127 92 1
990 2 85 129 46 0
991 4 88 127 48 0
992 2 61 127 76 0
993 3 49 128 87 0
994 2 124 128 12 0
995 4 214 127 102 1
996 4 121 128 9 0
997 3 117 127 13 0
998 1 157 129 54 1
999 1 142 128 38 1
1000 3 47 129 133 0
1001 5 57 129 123 0
1002 7 147 127 213 1
1003 3 215 126 146 1
1004 3 214 128 146 1
1005 3 239 128 121 1
1006 5 233 129 127 1
1007 3 209 129 102 1
1008 3 137 128 30 1
1009 1 103 127 65 0
1010 2 56 129 112 0
1011 1 65 127 103 0
1012 3 55 127 93 0
1013 3 84 128 63 0
1014 3 97 128 76 0
1015 2 79 129 58 0
1016 3 99 128 38 0
1017 6 147 127 86 1
1018 6 186 128 125 1
1019 4 161 127 150 1
1020 4 173 128 163 1
1021 1 185 129 175 1
1022 3 119 127 109 0
1023 1 81 129 71 0
1024 3 18 129 134 0
1025 4 62 129 89 0
1026 3 84 127 68 0
1027 5 104 127 88 0
1028 3 110 129 94 0
1029 2 84 128 120 0
1030 3 133 127 170 1
1031 6 168 130 135 1
1032 3 92 129 59 0
1033 3 123 128 28 0
1034 3 219 128 123 1
1035 4 153 129 190 1
1036 4 135 128 172 1
1037 4 156 128 193 1
1038 6 166 129 183 1
1039 4 105 129 122 0
1040 6 109 127 126 0
1041 8 94 127 111 0
1042 3 108 125 97 0
1043 1 188 129 178 1
1044 4 156 130 210 1
1045 4 140 128 226 1
1046 5 173 128 192 1
1047 4 154 129 173 1
1048 6 126 127 145 0
1049 3 144 129 163 1
1050 3 145 128 164 1
1051 4 189 129 121 1
1052 6 97 129 213 0
1053 4 156 127 154 1
1054 1 110 129 107 0
1055 4 82 127 79 0
1056 6 116 129 45 0
1057 5 134 128 64 1
1058 4 158 129 88 1
1059 4 99 128 28 0
1060 5 146 127 75 1
1061 4 157 128 63 1
1062 5 111 128 110 0
1063 3 68 129 67 0
1064 4 188 128 187 1
1065 3 86 128 85 0
1066 2 144 128 27 1
1067 3 95 128 77 0
1068 2 149 128 22 1
1069 4 111 129 60 0
1070 5 120 127 69 0
1071 3 126 127 64 0
1072 5 78 129 111 0
1073 7 108 127 142 0
1074 4 104 127 145 0
1075 4 118 128 159 0
1076 3 151 127 126 1
1077 4 178 128 153 1
1078 4 194 128 169 1
1079 5 180 128 184 1
1080 8 194 130 170 1
1081 3 89 130 65 0
1082 2 134 129 110 1
1083 1 147 127 98 1
1084 2 205 128 156 1
1085 3 193 127 144 1
1086 4 111 129 225 0
1087 4 203 128 133 1
1088 5 192 128 144 1
1089 4 135 129 86 1
1090 4 148 128 100 1
1091 4 98 128 50 0
1092 5 83 128 65 0
1093 5 170 128 153 1
1094 6 92 128 74 0
1095 1 114 125 52 0
1096 0 115 128 51 0
1097 1 125 127 60 0
1098 3 127 129 58 0
1099 6 131 127 62 1
1100 2 108 126 85 0
1101 3 78 127 54 0
1102 5 93 129 39 0
1103 7 118 127 65 0
1104 5 135 127 48 1
1105 7 134 129 49 1
1106 9 39 129 144 0
1107 6 44 130 149 0
1108 7 136 127 240 1
1109 7 46 128 150 0
1110 7 31 128 135 0
1111 9 100 127 204 0
1112 6 122 127 182 0
1113 8 151 129 152 1
1114 7 120 128 120 0
1115 3 117 126 122 0
1116 4 183 129 56 1
1117 2 199 129 72 1
1118 2 172 128 45 1
1119 3 168 127 41 1
1120 7 130 130 79 1
1121 6 194 129 143 1
1122 4 208 127 129 1
1123 5 221 128 116 1
1124 6 224 129 112 1
1125 7 225 128 112 1
1126 7 134 128 203 1
1127 5 46 129 116 0
1128 2 126 127 36 0
1129 3 136 128 26 1
1130 5 224 127 114 1
1131 5 166 128 56 1
1132 4 175 129 65 1
1133 5 95 128 145 0
1134 4 152 128 88 1
1135 4 192 128 128 1
1136 4 147 128 83 1
1137 3 112 127 118 0
1138 3 138 128 91 1
1139 4 203 128 157 1
1140 5 226 128 134 1
1141 6 206 129 155 1
1142 2 174 130 123 1
1143 3 204 128 93 1
1144 5 179 127 68 1
1145 4 217 129 106 1
1146 4 210 128 99 1
1147 5 182 128 126 1
1148 7 191 129 117 1
1149 3 151 130 77 1
1150 3 113 128 115 0
1151 5 175 127 178 1
1152 6 100 128 102 0
1153 7 133 127 136 1
1154 5 156 127 112 1
1155 4 138 129 94 1
1156 4 102 128 129 0
1157 5 131 127 158 1
1158 1 142 126 148 1
1159 2 126 129 164 0
1160 3 198 128 91 1
1161 3 145 128 144 1
1162 2 102 128 187 0
1163 0 153 127 137 1
1164 2 98 129 191 0
1165 2 177 128 112 1
1166 6 175 126 109 1
1167 6 195 128 129 1
1168 3 154 126 170 1
1169 4 109 128 125 0
1170 4 85 128 101 0
1171 3 41 127 145 0
1172 4 116 129 70 0
1173 3 193 128 147 1
1174 7 213 130 128 1
1175 6 137 128 204 1
1176 5 98 128 165 0
1177 2 188 127 75 1
1178 4 169 129 94 1
1179 5 102 127 27 0
1180 6 102 128 28 0
1181 7 94 128 36 0
1182 5 42 127 88 0
1183 7 98 129 31 0
1184 4 106 127 24 0
1185 3 218 128 136 1
1186 4 173 128 91 1
1187 5 91 128 173 0
1188 6 177 129 86 1
1189 5 181 127 83 1
1190 6 155 129 109 1
1191 5 90 127 174 0
1192 7 68 127 153 0
1193 8 60 128 145 0
1194 5 58 129 142 0
1195 5 77 128 123 0
1196 6 135 128 180 1
1197 4 218 127 96 1
1198 7 136 129 179 1
1199 5 139 127 176 1
1200 4 117 129 154 0
1201 5 139 128 132 1
1202 5 186 128 180 1
1203 3 157 127 209 1
1204 4 73 128 125 0
1205 2 65 129 117 0
1206 5 69 129 113 0
1207 5 163 128 207 1
1208 4 56 129 100 0
1209 3 51 127 105 0
1210 4 20 129 136 0
1211 2 6 129 122 0
1212 4 85 129 43 0
1213 3 25 127 103 0
1214 1 53 129 131 0
1215 3 104 129 80 0
1216 6 80 127 57 0
1217 8 80 127 56 0
1218 5 25 126 112 0
1219 4 15 128 121 0
1220 3 14 127 122 0
1221 0 31 127 105 0
1222 0 37 128 100 0
1223 6 91 125 154 0
1224 5 169 127 76 1
1225 6 148 129 97 1
1226 3 125 126 120 0
1227 6 69 130 175 0
1228 4 135 129 241 1
1229 4 78 128 184 0
1230 7 113 126 219 0
1231 8 18 128 124 0
1232 6 78 129 184 0
1233 8 108 127 214 0
1234 4 143 126 179 1
1235 5 70 127 106 0
1236 7 92 127 128 0
1237 5 154 127 67 1
1238 8 71 130 150 0
1239 3 38 130 117 0
1240 1 32 127 124 0
1241 3 38 127 130 0
1242 3 40 128 128 0
1243 1 136 127 32 1
1244 0 53 128 115 0
1245 0 142 127 26 1
1246 0 109 127 59 0
1247 4 194 125 143 1
1248 4 198 128 139 1
1249 5 207 128 130 1
1250 5 227 128 110 1
1251 6 186 129 151 1
1252 3 107 129 72 0
1253 3 114 128 65 0
1254 3 153 128 105 1
1255 4 96 129 162 0
1256 4 34 128 100 0
1257 5 98 127 164 0
1258 6 57 128 123 0
1259 5 139 127 40 1
1260 6 130 128 31 1
1261 3 164 129 65 1
1262 3 87 128 141 0
1263 7 79 126 132 0
1264 4 87 130 140 0
1265 3 88 127 139 0
1266 4 71 128 121 0
1267 6 101 129 91 0
1268 7 105 127 95 0
1269 7 91 128 81 0
1270 6 97 129 88 0
1271 2 53 126 132 0
1272 3 152 128 33 1
1273 6 136 130 48 1
1274 6 102 128 83 0
1275 6 152 128 132 1
1276 6 109 128 175 0
1277 2 129 130 195 1
1278 3 191 128 133 1
1279 5 196 127 138 1
1280 4 159 129 101 1
1281 6 210 127 153 1
1282 7 184 127 127 1
1283 6 135 129 78 1
1284 6 132 128 82 1
1285 7 129 127 79 1
1286 4 99 130 49 0
1287 2 95 127 53 0
1288 4 95 127 53 0
1289 5 209 127 167 1
1290 4 176 129 134 1
1291 2 106 129 64 0
1292 3 120 128 50 0
1293 3 176 128 106 1
1294 2 82 128 200 0
1295 3 171 128 111 1
1296 2 137 128 145 1
1297 3 77 127 85 0
1298 3 161 128 169 1
1299 1 174 129 182 1
1300 4 119 127 127 0
1301 5 179 128 67 1
1302 4 114 128 132 0
1303 4 137 128 109 1
1304 2 160 129 132 1
1305 3 146 128 146 1
1306 2 205 128 87 1
1307 5 204 126 86 1
1308 2 152 130 33 1
1309 5 144 129 41 1
1310 5 211 128 107 1
1311 2 146 127 172 1
1312 1 185 127 133 1
1313 2 193 128 141 1
1314 4 144 129 191 1
1315 2 52 129 99 0
1316 5 79 126 127 0
1317 3 99 129 147 0
1318 2 62 129 109 0
1319 2 74 128 122 0
1320 1 97 127 99 0
1321 0 114 128 82 0
1322 0 147 128 48 1
1323 0 39 128 157 0
1324 0 137 128 58 1
1325 4 149 126 71 1
1326 7 197 126 118 1
1327 6 177 129 99 1
1328 5 106 127 170 0
1329 3 129 129 194 1
1330 2 155 129 220 1
1331 5 204 129 171 1
1332 4 177 129 144 1
1333 4 123 128 90 0
1334 3 164 127 49 1
1335 3 84 128 129 0
1336 5 146 127 191 1
1337 5 158 128 203 1
1338 6 204 129 156 1
1339 3 190 129 142 1
1340 5 114 127 66 0
1341 2 141 130 93 1
1342 4 126 129 109 0
1343 2 177 129 160 1
1344 4 111 127 94 0
1345 3 95 127 110 0
1346 5 61 127 77 0
1347 3 114 127 24 0
1348 4 21 129 118 0
1349 3 77 127 61 0
1350 4 93 129 45 0
1351 5 201 127 153 1
1352 3 115 129 67 0
1353 4 115 128 68 0
1354 4 72 128 111 0
1355 5 154 127 192 1
1356 5 223 128 122 1
1357 7 167 129 178 1
1358 7 223 128 123 1
1359 7 115 128 231 0
1360 4 69 130 185 0
1361 6 11 127 126 0
1362 5 101 127 35 0
1363 2 29 127 108 0
1364 1 30 127 107 0
1365 5 131 126 208 1
1366 5 101 128 178 0
1367 6 102 128 179 0
1368 6 102 128 179 0
1369 6 181 128 101 1
1370 4 149 129 68 1
1371 7 132 129 84 1
1372 8 124 129 93 0
1373 4 179 130 148 1
1374 4 93 128 62 0
1375 5 118 128 37 0
1376 7 203 127 122 1
1377 5 145 127 179 1
1378 3 85 129 119 0
1379 2 102 129 136 0
1380 5 98 129 141 0
1381 5 87 128 131 0
1382 1 156 126 62 1
1383 4 181 127 88 1
1384 5 96 128 174 0
1385 5 143 128 126 1
1386 3 124 129 107 0
1387 4 179 128 162 1
1388 3 155 127 186 1
1389 1 207 127 134 1
1390 3 205 129 136 1
1391 4 133 128 64 1
1392 6 84 129 113 0
1393 5 96 127 101 0
1394 3 91 127 105 0
1395 3 43 128 154 0
1396 0 121 127 75 0
1397 2 91 127 45 0
1398 4 121 129 14 0
1399 5 150 127 43 1
1400 5 128 128 65 1
1401 1 123 130 60 0
1402 4 78 130 105 0
1403 4 82 128 108 0
1404 5 154 127 180 1
1405 5 152 128 181 1
1406 7 118 129 216 0
1407 7 221 128 112 1
1408 7 230 128 104 1
1409 2 161 131 35 1
1410 3 190 127 64 1
1411 3 229 128 103 1
1412 6 169 130 163 1
1413 5 144 127 188 1
1414 6 136 129 197 1
1415 7 211 128 121 1
1416 9 215 129 117 1
1417 2 190 132 92 1
1418 3 121 127 24 0
1419 6 113 130 32 0
1420 6 179 128 99 1
1421 7 180 128 98 1
1422 7 190 128 108 1
1423 7 226 128 144 1
1424 3 229 126 141 1
1425 3 217 128 153 1
1426 6 147 130 223 1
1427 3 140 129 216 1
1428 5 138 129 218 1
1429 3 131 129 211 1
1430 4 61 128 142 0
1431 5 48 127 129 0
1432 5 73 128 104 0
1433 4 144 128 32 1
1434 7 66 129 111 0
1435 6 60 129 104 0
1436 2 99 126 65 0
1437 1 145 127 19 1
1438 2 225 128 98 1
1439 2 222 128 96 1
1440 5 137 129 181 1
1441 4 220 128 98 1
1442 6 208 129 110 1
1443 4 125 127 193 0
1444 2 102 129 170 0
1445 0 154 129 222 1
1446 0 42 128 109 0
1447 2 83 130 68 0
1448 4 177 127 162 1
1449 4 109 128 93 0
1450 6 91 127 75 0
1451 6 113 128 98 0
1452 3 144 126 67 1
1453 5 138 129 73 1
1454 5 178 128 113 1
1455 3 112 127 179 0
1456 4 75 128 142 0
1457 6 153 127 220 1
1458 7 192 128 181 1
1459 8 127 129 247 0
1460 3 14 130 134 0
1461 3 14 128 134 0
1462 6 107 127 227 0
1463 6 78 128 198 0
1464 9 125 126 244 0
1465 9 91 128 211 0
1466 2 91 125 211 0
1467 1 167 127 135 1
1468 2 203 129 99 1
1469 4 91 129 211 0
1470 4 190 128 112 1
1471 2 224 129 147 1
1472 2 151 128 221 1
1473 3 177 128 194 1
1474 4 245 129 126 1
1475 3 241 128 122 1
1476 3 236 128 116 1
1477 3 177 128 57 1
1478 4 156 129 78 1
1479 2 200 129 122 1
1480 1 142 128 64 1
1481 1 70 128 135 0
1482 2 44 129 162 0
1483 3 102 127 220 0
1484 3 105 128 217 0
1485 1 103 127 219 0
1486 0 148 128 173 1
1487 0 160 127 162 1
1488 3 176 126 177 1
1489 6 123 130 230 0
1490 7 202 128 151 1
1491 5 91 129 40 0
1492 5 15 128 116 0
1493 7 70 127 171 0
1494 6 49 129 150 0
1495 4 42 127 156 0
1496 5 28 127 141 0
1497 5 117 128 231 0
1498 4 121 128 227 0
1499 4 91 128 197 0
1500 3 27 128 133 0
1501 6 20 127 126 0
1502 7 98 128 48 0
1503 7 80 128 65 0
1504 5 78 129 64 0
1505 3 91 129 77 0
1506 6 174 127 159 1
1507 6 137 128 195 1
1508 5 186 127 147 1
1509 4 168 129 129 1
1510 7 175 129 122 1
1511 5 105 129 52 0
1512 3 91 129 38 0
1513 4 49 129 81 0
1514 3 147 128 179 1
1515 2 142 129 174 1
1516 2 163 128 153 1
1517 4 110 129 206 0
1518 5 65 127 160 0
1519 6 95 128 190 0
1520 6 140 128 236 1
1521 4 128 127 248 1
1522 6 209 129 167 1
1523 4 183 129 141 1
1524 7 165 129 159 1
1525 5 116 127 208 0
1526 6 91 128 183 0
1527 6 90 128 184 0
1528 2 82 130 177 0
1529 5 141 126 235 1
1530 2 87 130 181 0
1531 5 24 126 119 0
1532 2 20 130 115 0
1533 2 84 128 50 0
1534 0 81 127 54 0
1535 1 103 127 76 0
1536 2 99 129 80 0
1537 5 106 126 86 0
1538 5 177 128 158 1
1539 4 144 129 124 1
1540 2 145 127 123 1
1541 3 82 127 60 0
1542 5 138 127 116 1
1543 6 77 129 177 0
1544 4 106 127 148 0
1545 3 180 127 74 1
1546 2 173 129 67 1
1547 2 69 128 170 0
1548 3 50 127 150 0
1549 2 121 129 221 0
1550 1 115 128 216 0
1551 2 113 129 218 0
1552 4 105 127 210 0
1553 7 133 126 238 1
1554 5 169 127 202 1
1555 5 172 128 204 1
1556 6 124 128 156 0
1557 6 102 128 134 0
1558 7 54 127 86 0
1559 6 130 129 162 1
1560 2 133 126 159 1
1561 5 93 129 199 0
1562 4 175 128 118 1
1563 5 198 127 141 1
1564 4 146 129 88 1
1565 3 111 128 54 0
1566 3 130 128 73 1
1567 5 73 129 130 0
1568 4 147 129 204 1
1569 2 91 129 148 0
1570 4 149 127 206 1
1571 7 239 129 117 1
1572 5 175 129 54 1
1573 2 127 127 102 0
1574 2 187 128 162 1
1575 3 123 128 227 0
1576 4 52 128 156 0
1577 2 54 129 157 0
1578 3 104 127 207 0
1579 5 139 129 171 1
1580 3 166 129 198 1
1581 3 61 128 93 0
1582 4 114 129 39 0
1583 4 125 128 28 0
1584 3 197 128 101 1
1585 4 103 129 195 0
1586 6 61 127 152 0
1587 6 74 128 165 0
1588 5 101 127 138 0
1589 3 61 127 178 0
1590 4 80 129 158 0
1591 3 62 127 177 0
1592 4 93 128 208 0
1593 5 62 127 177 0
1594 2 150 127 89 1
1595 4 110 127 49 0
1596 5 140 128 19 1
1597 3 54 127 104 0
1598 5 157 127 207 1
1599 7 86 127 136 0
1600 5 54 127 168 0
1601 6 72 128 185 0
1602 4 85 129 198 0
1603 3 154 127 129 1
1604 2 118 128 165 0
1605 1 190 127 93 1
1606 0 83 128 200 0
1607 3 125 126 242 0
1608 5 78 127 195 0
1609 4 124 128 149 0
1610 5 154 127 179 1
1611 6 165 128 191 1
1612 8 54 127 79 0
1613 8 143 128 168 1
1614 8 56 128 81 0
1615 4 60 126 77 0
1616 5 47 128 90 0
1617 5 87 128 130 0
1618 7 152 127 195 1
1619 9 162 127 205 1
1620 6 114 130 157 0
1621 2 120 126 150 0
1622 3 136 128 134 1
1623 4 194 129 77 1
1624 5 134 128 136 1
1625 7 124 129 146 0
1626 6 112 129 134 0
1627 8 140 127 162 1
1628 7 117 128 139 0
1629 4 178 127 78 1
1630 5 134 128 122 1
1631 3 74 127 182 0
1632 3 88 128 168 0
1633 4 134 128 214 1
1634 1 226 126 122 1
1635 0 166 128 182 1
1636 3 163 129 185 1
1637 5 155 127 177 1
1638 3 179 127 152 1
1639 6 197 130 135 1
1640 7 229 128 102 1
1641 3 177 130 49 1
1642 3 100 128 126 0
1643 3 61 128 86 0
1644 6 173 127 198 1
1645 3 143 129 169 1
1646 5 157 129 155 1
1647 5 86 128 84 0
1648 4 104 129 102 0
1649 7 128 126 126 1
1650 8 178 128 176 1
1651 8 161 128 159 1
1652 5 123 126 196 0
1653 3 195 127 125 1
1654 3 124 128 54 0
1655 6 104 130 74 0
1656 4 61 127 116 0
1657 3 161 128 216 1
1658 7 205 130 172 1
1659 8 169 129 208 1
1660 7 166 127 210 1
1661 8 251 129 125 1
1662 6 150 129 25 1
1663 4 212 129 86 1
1664 5 197 127 72 1
1665 7 80 129 189 0
1666 5 86 129 196 0
1667 3 113 127 169 0
1668 6 95 127 151 0
1669 4 72 127 173 0
1670 1 17 129 117 0
1671 1 14 128 120 0
1672 3 50 129 84 0
1673 1 128 127 6 1
1674 3 54 129 80 0
1675 3 129 128 155 1
1676 1 164 129 189 1
1677 5 174 130 179 1
1678 4 162 128 191 1
1679 3 142 127 211 1
1680 3 181 128 172 1
1681 2 177 129 167 1
1682 3 139 128 205 1
1683 3 233 128 111 1
1684 2 218 128 126 1
1685 3 233 128 112 1
1686 6 156 127 35 1
1687 4 244 129 123 1
1688 4 218 128 149 1
1689 1 168 129 98 1
1690 0 147 129 77 1
1691 1 154 127 84 1
1692 4 103 130 134 0
1693 6 101 129 137 0
1694 6 183 128 55 1
1695 6 145 128 17 1
1696 6 167 128 40 1
1697 6 129 128 2 1
1698 6 216 128 88 1
1699 5 182 128 54 1
1700 4 184 129 56 1
1701 4 180 128 52 1
1702 4 237 128 109 1
1703 5 172 127 44 1
1704 2 122 127 94 0
1705 1 144 127 73 1
1706 2 97 129 120 0
1707 5 55 126 79 0
1708 1 116 126 18 0
1709 2 27 129 107 0
1710 6 122 126 202 0
1711 5 148 127 176 1
1712 4 138 129 166 1
1713 7 93 129 211 0
1714 7 6 128 124 0
1715 5 116 127 13 0
1716 4 20 128 109 0
1717 2 78 129 166 0
1718 3 109 128 135 0
1719 5 167 127 192 1
1720 3 89 129 115 0
1721 2 67 128 137 0
1722 4 100 127 169 0
1723 2 76 127 194 0
1724 2 87 128 183 0
1725 4 24 127 120 0
1726 3 43 128 140 0
1727 1 130 129 226 1
1728 2 168 129 188 1
1729 2 100 128 121 0
1730 2 150 128 170 1
1731 4 197 129 123 1
1732 3 110 127 210 0
1733 4 140 129 179 1
1734 5 61 127 100 0
1735 4 38 128 123 0
1736 6 62 127 146 0
1737 5 166 127 43 1
1738 4 226 129 103 1
1739 5 208 128 122 1
1740 2 217 130 131 1
1741 3 179 127 93 1
1742 6 110 130 161 0
1743 6 178 128 94 1
1744 8 91 129 180 0
1745 3 114 130 203 0
1746 3 124 128 213 0
1747 2 81 129 170 0
1748 3 76 128 175 0
1749 5 125 127 224 0
1750 5 74 128 174 0
1751 4 118 129 217 0
1752 2 174 127 161 1
1753 5 186 126 173 1
1754 3 218 127 142 1
1755 5 163 129 196 1
1756 5 136 128 168 1
1757 4 158 128 146 1
1758 7 134 129 170 1
1759 4 157 130 194 1
1760 6 148 127 184 1
1761 4 163 129 200 1
1762 5 227 128 137 1
1763 7 212 129 151 1
1764 8 170 129 194 1
1765 5 163 129 187 1
1766 8 173 127 197 1
1767 8 93 128 117 0
1768 8 83 128 107 0
1769 4 150 126 39 1
1770 2 51 127 138 0
1771 2 66 128 124 0
1772 2 89 128 100 0
1773 0 78 127 111 0
1774 0 109 127 81 0
1775 3 181 125 153 1
1776 3 173 128 161 1
1777 1 135 129 123 1
1778 3 188 129 70 1
1779 5 162 127 43 1
1780 2 180 130 62 1
1781 4 88 129 154 0
1782 5 32 127 97 0
1783 4 126 128 3 0
1784 3 90 127 39 0
1785 1 157 129 106 1
1786 0 177 129 126 1
1787 3 135 129 168 1
1788 2 114 128 188 0
1789 3 134 128 168 1
1790 2 96 128 207 0
1791 5 58 126 169 0
1792 3 59 129 170 0
1793 1 12 129 122 0
1794 2 54 129 80 0
1795 2 116 128 141 0
1796 1 130 127 127 1
1797 4 160 130 97 1
1798 5 184 127 121 1
1799 4 191 129 127 1
1800 4 193 128 125 1
1801 4 156 128 162 1
1802 6 181 129 137 1
1803 4 157 129 114 1
1804 2 156 129 112 1
1805 2 161 128 107 1
1806 3 111 127 57 0
1807 6 144 130 24 1
1808 8 36 129 132 0
1809 5 37 129 133 0
1810 3 110 129 206 0
1811 4 114 129 203 0
1812 3 157 127 160 1
1813 4 189 129 127 1
1814 7 121 129 196 0
1815 6 174 128 143 1
1816 5 160 128 128 1
1817 6 165 128 133 1
1818 6 194 128 104 1
1819 8 201 129 97 1
1820 5 198 129 94 1
1821 6 172 128 67 1
1822 7 127 128 112 0
1823 6 171 129 156 1
1824 5 226 127 101 1
1825 3 202 129 77 1
1826 4 225 128 100 1
1827 3 219 128 94 1
1828 3 209 128 84 1
1829 4 205 129 88 1
1830 5 198 128 95 1
1831 5 191 128 102 1
1832 5 122 128 33 0
1833 5 35 128 120 0
1834 5 126 128 29 0
1835 4 208 129 111 1
1836 3 215 127 104 1
1837 3 168 128 56 1
1838 4 93 129 130 0
1839 2 134 127 90 1
1840 3 170 128 54 1
1841 4 159 128 43 1
1842 3 152 128 36 1
1843 3 172 128 56 1
1844 4 220 128 104 1
1845 6 141 129 183 1
1846 6 55 128 97 0
1847 7 124 127 166 0
1848 7 124 128 165 0
1849 6 47 129 88 0
1850 7 113 127 154 0
1851 9 53 127 94 0
1852 4 19 126 128 0
1853 4 131 128 16 1
1854 2 120 127 26 0
1855 4 151 127 57 1
1856 4 44 128 165 0
1857 4 66 128 142 0
1858 6 138 127 214 1
1859 5 187 127 165 1
1860 7 130 129 222 1
1861 5 123 129 216 0
1862 4 215 128 124 1
1863 2 168 129 77 1
1864 3 189 127 98 1
1865 4 173 129 114 1
1866 4 141 128 82 1
1867 5 103 128 120 0
1868 6 119 128 136 0
1869 6 111 128 128 0
1870 5 62 128 79 0
1871 6 136 128 153 1
1872 7 132 128 158 1
1873 3 156 130 182 1
1874 5 118 129 219 0
1875 4 61 129 162 0
1876 4 120 128 221 0
1877 5 102 127 204 0
1878 5 97 128 198 0
1879 4 140 128 154 1
1880 3 87 127 207 0
1881 5 12 127 132 0
1882 4 118 129 239 0
1883 5 226 128 131 1
1884 5 168 128 73 1
1885 4 106 128 135 0
1886 4 156 128 85 1
1887 4 100 128 29 0
1888 3 116 128 45 0
1889 4 163 128 92 1
1890 6 143 129 112 1
1891 6 168 128 87 1
1892 8 122 129 133 0
1893 5 146 129 158 1
1894 5 177 128 128 1
1895 4 187 129 138 1
1896 6 110 129 215 0
1897 7 31 127 136 0
1898 6 66 129 171 0
1899 6 68 128 173 0
1900 7 77 127 182 0
1901 6 116 128 143 0
1902 3 92 126 166 0
1903 5 81 127 155 0
1904 4 161 128 75 1
1905 4 203 128 117 1
1906 3 154 127 167 1
1907 5 118 129 202 0
1908 4 87 129 171 0
1909 1 25 129 109 0
1910 4 96 127 180 0
1911 2 22 129 106 0
1912 3 20 128 108 0
1913 1 108 127 20 0
1914 2 134 128 47 1
1915 4 64 129 117 0
1916 3 130 128 183 1
1917 3 125 128 178 0
1918 5 63 127 116 0
1919 6 141 128 194 1
1920 7 123 128 212 0
1921 5 135 127 200 1
1922 3 133 129 199 1
1923 5 122 129 210 0
1924 4 122 129 211 0
1925 3 28 128 117 0
1926 2 120 128 25 0
1927 5 179 126 83 1
1928 4 182 129 87 1
1929 5 162 128 106 1
1930 4 173 129 117 1
1931 6 158 129 131 1
1932 2 97 130 69 0
1933 2 161 128 133 1
1934 6 187 130 107 1
1935 3 161 129 80 1
1936 4 139 129 102 1
1937 4 63 128 178 0
1938 4 116 128 230 0
1939 4 116 128 230 0
1940 4 83 128 198 0
1941 6 153 129 128 1
1942 5 201 128 176 1
1943 5 117 128 92 0
1944 3 51 127 158 0
1945 2 35 129 143 0
1946 4 128 129 50 1
1947 2 48 127 130 0
1948 4 30 127 111 0
1949 5 51 127 133 0
1950 6 68 128 150 0
1951 7 44 127 125 0
1952 4 30 127 139 0
1953 5 45 128 124 0
1954 5 36 128 115 0
1955 4 136 129 215 1
1956 3 218 127 133 1
1957 2 221 128 129 1
1958 5 166 126 74 1
1959 6 132 128 39 1
1960 6 48 128 123 0
1961 6 138 128 33 1
1962 6 109 128 62 0
1963 3 173 129 125 1
1964 6 124 130 174 0
1965 4 85 129 136 0
1966 5 165 128 55 1
1967 4 126 129 16 0
1968 4 83 128 59 0
1969 4 103 128 79 0
1970 3 134 127 48 1
1971 4 180 128 93 1
1972 4 82 128 191 0
1973 4 109 128 164 0
1974 4 46 128 101 0
1975 5 161 127 216 1
1976 5 188 128 189 1
1977 6 243 129 134 1
1978 8 132 129 245 1
1979 2 76 131 188 0
1980 2 117 128 148 0
1981 1 146 127 119 1
1982 4 105 127 78 0
1983 5 141 127 114 1
1984 4 182 129 155 1
1985 6 179 127 152 1
1986 6 111 128 84 0
1987 4 156 127 38 1
1988 6 92 129 102 0
1989 5 45 127 149 0
1990 2 113 127 81 0
1991 2 150 128 44 1
1992 4 179 127 72 1
1993 1 87 126 164 0
1994 2 109 129 142 0
1995 0 132 127 119 1
1996 0 161 127 90 1
1997 0 182 129 69 1
1998 4 180 126 67 1
1999 2 71 127 175 0
