0 1 10004 545
1 1 10001 516
2 1 10002 522
3 1 10001 664
4 1 10004 861
5 0 9998 312
6 0 9997 835
7 1 10001 807
8 1 10000 821
9 1 10003 481
10 0 9997 168
11 1 10000 683
12 0 9994 733
13 0 9995 504
14 1 9997 648
15 0 9993 710
16 1 9996 510
17 1 9997 487
18 0 9991 306
19 1 9995 165
20 0 9990 201
21 0 9989 371
22 0 9990 387
23 0 9989 202
24 1 9995 567
25 1 9997 363
26 0 9990 682
27 0 9992 502
28 1 9996 541
29 1 9998 164
30 1 9997 793
31 1 9995 65
32 1 9998 204
33 1 9997 169
34 0 9990 198
35 1 9997 263
36 0 9992 604
37 1 9996 108
38 1 9994 181
39 1 9994 873
40 0 9990 822
41 0 9991 972
42 0 9991 560
43 1 9993 578
44 1 9993 689
45 1 9991 941
46 1 9990 620
47 0 9985 968
48 1 9988 86
49 0 9985 342
50 1 9992 836
51 0 9988 394
52 1 9993 337
53 1 9992 452
54 1 9992 904
55 1 9990 488
56 1 9990 898
57 0 9985 619
58 0 9983 804
59 1 9987 809
60 1 9985 357
61 1 9987 336
62 1 9987 901
63 0 9983 425
64 0 9980 286
65 1 9985 644
66 1 9984 695
67 1 9987 86
68 0 9984 735
69 0 9985 625
70 0 9985 263
71 1 9989 206
72 1 9987 288
73 0 9982 902
74 0 9984 208
75 0 9982 873
76 0 9983 664
77 0 9985 819
78 0 9983 505
79 0 9983 650
80 1 9987 74
81 1 9985 993
82 0 9984 709
83 0 9984 372
84 1 9987 93
85 0 9983 770
86 1 9988 848
87 1 9991 11
88 1 9992 611
89 0 9989 407
90 1 9991 52
91 0 9987 552
92 0 9988 732
93 0 9990 329
94 1 9993 80
95 0 9991 973
96 0 9989 909
97 1 9995 791
98 1 9993 106
99 1 9992 450
100 0 9987 361
101 0 9986 620
102 0 9987 684
103 1 9991 218
104 0 9990 395
105 1 9991 971
106 0 9988 266
107 1 9993 605
108 1 9993 475
109 0 9990 744
110 0 9991 171
111 1 9993 979
112 1 9993 812
113 0 9987 142
114 1 9992 155
115 0 9986 664
116 0 9985 135
117 0 9986 223
118 0 9986 628
119 0 9985 509
120 1 9989 142
121 1 9987 964
122 1 9988 664
123 0 9985 437
124 1 9990 475
125 1 9988 787
126 1 9988 670
127 1 9986 374
128 0 9983 651
129 1 9989 343
130 0 9983 564
131 1 9988 624
132 0 9984 82
133 0 9984 563
134 1 9988 759
135 0 9984 516
136 1 9987 37
137 0 9981 721
138 1 9988 638
139 0 9985 860
140 0 9984 87
141 1 9986 89
142 1 9985 999
143 1 9983 987
144 0 9981 536
145 0 9981 367
146 0 9980 74
147 0 9977 318
148 0 9979 836
149 0 9978 985
150 0 9979 749
151 1 9983 254
152 1 9986 867
153 0 9979 170
154 0 9981 963
155 0 9981 312
156 1 9984 920
157 1 9985 749
158 0 9980 441
159 1 9985 317
160 1 9986 18
161 0 9983 530
162 0 9986 828
163 0 9985 339
164 0 9987 272
165 0 9986 396
166 1 9990 80
167 0 9987 140
168 0 9985 449
169 1 9989 924
170 1 9988 167
171 0 9983 333
172 1 9986 878
173 1 9985 443
174 1 9983 659
175 1 9983 737
176 0 9978 954
177 0 9977 162
178 1 9978 435
179 0 9976 6
180 0 9974 831
181 1 9981 518
182 0 9974 92
183 1 9980 184
184 0 9974 275
185 1 9978 941
186 1 9976 460
187 1 9976 57
188 1 9976 599
189 0 9971 151
190 0 9973 227
191 1 9977 258
192 1 9976 699
193 1 9975 54
194 1 9976 253
195 0 9973 742
196 1 9975 215
197 0 9973 790
198 1 9977 335
199 0 9974 825
200 1 9976 707
201 0 9973 82
202 0 9975 63
203 1 9979 683
204 0 9977 879
205 1 9982 133
206 0 9979 63
207 0 9978 917
208 1 9981 67
209 0 9977 549
210 1 9983 274
211 0 9978 970
212 1 9982 755
213 1 9983 653
214 1 9985 495
215 1 9985 932
216 1 9985 189
217 0 9982 164
218 0 9982 541
219 1 9986 966
220 0 9983 881
221 0 9981 407
222 0 9981 520
223 1 9984 842
224 0 9980 872
225 0 9977 619
226 0 9977 712
227 1 9982 332
228 1 9981 364
229 0 9979 187
230 0 9976 706
231 0 9978 125
232 0 9976 365
233 0 9976 878
234 0 9977 133
235 1 9979 393
236 1 9980 605
237 0 9976 721
238 0 9976 321
239 0 9974 712
240 0 9972 933
241 0 9972 713
242 1 9977 391
243 0 9973 463
244 1 9978 638
245 0 9975 995
246 1 9978 379
247 1 9975 405
248 1 9978 248
249 1 9977 494
250 0 9973 367
251 0 9973 474
252 0 9974 389
253 0 9973 794
254 1 9979 112
255 1 9979 65
256 1 9976 139
257 0 9971 887
258 0 9974 855
259 0 9975 961
260 1 9978 978
261 1 9975 421
262 1 9976 674
263 0 9975 255
264 0 9973 140
265 0 9973 451
266 0 9973 203
267 1 9975 398
268 0 9972 319
269 1 9974 557
270 0 9968 68
271 1 9973 9
272 0 9968 264
273 1 9972 183
274 0 9970 617
275 1 9972 362
276 1 9974 134
277 0 9969 717
278 1 9972 231
279 0 9969 635
280 1 9974 78
281 0 9969 205
282 0 9966 54
283 0 9966 80
284 1 9970 649
285 0 9963 304
286 1 9967 732
287 1 9969 533
288 0 9964 701
289 1 9965 804
290 1 9968 270
291 0 9964 43
292 0 9964 155
293 0 9964 309
294 1 9968 987
295 1 9969 421
296 1 9972 569
297 1 9969 8
298 0 9964 924
299 0 9964 271
300 1 9966 325
301 0 9965 596
302 0 9964 828
303 0 9967 554
304 0 9965 690
305 1 9971 667
306 1 9972 18
307 1 9973 162
308 1 9970 676
309 0 9966 966
310 1 9971 680
311 1 9972 1000
312 0 9968 516
313 0 9971 274
314 1 9976 306
315 0 9971 199
316 1 9973 795
317 0 9969 178
318 1 9976 711
319 1 9973 229
320 1 9975 432
321 0 9972 803
322 0 9970 119
323 0 9973 185
324 1 9975 406
325 1 9974 973
326 0 9970 345
327 0 9969 744
328 0 9970 491
329 1 9972 981
330 1 9971 260
331 1 9970 418
332 1 9971 817
333 1 9971 143
334 0 9965 372
335 1 9968 224
336 1 9969 257
337 1 9971 904
338 0 9968 639
339 1 9969 323
340 0 9967 461
341 0 9969 794
342 1 9971 814
343 0 9967 204
344 1 9970 868
345 1 9971 678
346 0 9965 2
347 1 9969 584
348 1 9968 153
349 1 9969 68
350 1 9967 329
351 0 9965 407
352 0 9965 851
353 0 9967 271
354 1 9971 858
355 1 9970 313
356 1 9968 263
357 1 9969 293
358 0 9966 299
359 0 9967 171
360 1 9969 448
361 1 9967 678
362 0 9966 869
363 1 9969 492
364 0 9966 400
365 1 9969 330
366 1 9969 245
367 1 9970 607
368 0 9966 908
369 0 9969 935
370 1 9972 636
371 0 9965 770
372 1 9970 449
373 1 9969 380
374 1 9972 869
375 1 9970 896
376 0 9965 172
377 0 9967 226
378 1 9971 396
379 0 9969 241
380 0 9969 633
381 0 9968 449
382 1 9971 610
383 1 9971 770
384 0 9968 179
385 0 9967 575
386 1 9973 770
387 1 9973 317
388 1 9972 920
389 1 9973 82
390 0 9970 357
391 1 9975 347
392 1 9976 246
393 1 9976 772
394 0 9973 806
395 1 9977 623
396 0 9975 165
397 1 9977 929
398 1 9978 640
399 1 9978 162
400 1 9977 731
401 1 9979 106
402 1 9980 112
403 1 9978 321
404 1 9976 175
405 1 9975 977
406 0 9970 674
407 1 9975 779
408 1 9974 153
409 0 9971 208
410 1 9976 986
411 1 9975 669
412 1 9975 524
413 1 9973 410
414 0 9970 834
415 0 9971 72
416 1 9976 143
417 1 9974 352
418 1 9973 770
419 0 9970 952
420 1 9975 813
421 1 9974 152
422 0 9971 140
423 1 9976 727
424 1 9974 399
425 1 9975 174
426 1 9972 997
427 0 9968 238
428 0 9969 346
429 0 9968 556
430 1 9971 426
431 0 9967 488
432 1 9974 513
433 0 9969 681
434 1 9974 614
435 1 9973 959
436 1 9974 724
437 1 9975 966
438 0 9969 375
439 1 9975 569
440 0 9970 138
441 1 9975 282
442 1 9974 101
443 1 9974 270
444 0 9972 698
445 1 9975 315
446 0 9970 219
447 0 9971 196
448 0 9968 450
449 0 9969 598
450 0 9968 780
451 1 9974 401
452 0 9972 671
453 0 9973 85
454 0 9971 949
455 1 9975 371
456 0 9972 454
457 0 9975 198
458 0 9972 31
459 1 9976 931
460 1 9976 565
461 1 9977 858
462 0 9972 638
463 0 9969 80
464 0 9971 954
465 0 9973 322
466 1 9976 473
467 1 9974 86
468 1 9974 606
469 0 9972 378
470 1 9974 959
471 1 9977 678
472 1 9976 716
473 1 9975 596
474 1 9974 31
475 0 9971 628
476 1 9976 183
477 1 9975 274
478 1 9976 460
479 0 9973 555
480 0 9974 289
481 0 9973 352
482 1 9978 82
483 0 9975 775
484 0 9974 22
485 0 9973 175
486 1 9978 896
487 1 9977 615
488 0 9970 660
489 0 9971 686
490 0 9973 125
491 1 9975 867
492 0 9971 843
493 1 9975 696
494 1 9976 786
495 0 9974 650
496 1 9976 920
497 0 9972 717
498 0 9974 102
499 1 9977 309
500 0 9976 239
501 0 9975 784
502 0 9976 304
503 0 9977 164
504 1 9981 26
505 0 9977 434
506 0 9976 794
507 0 9976 503
508 1 9979 767
509 1 9977 880
510 1 9980 215
511 1 9980 516
512 1 9980 210
513 1 9978 443
514 1 9980 264
515 1 9979 72
516 1 9978 294
517 1 9980 550
518 0 9976 763
519 0 9977 816
520 0 9976 594
521 1 9982 235
522 0 9978 892
523 1 9982 183
524 0 9977 175
525 0 9977 914
526 1 9980 207
527 0 9973 733
528 0 9974 925
529 1 9981 388
530 1 9979 674
531 0 9974 789
532 1 9978 183
533 1 9981 614
534 0 9974 666
535 0 9976 615
536 1 9980 825
537 1 9978 268
538 0 9975 469
539 0 9974 432
540 1 9978 817
541 1 9977 245
542 0 9974 397
543 1 9980 82
544 0 9976 731
545 0 9976 518
546 1 9981 657
547 1 9980 790
548 1 9982 635
549 1 9981 655
550 1 9978 652
551 0 9977 631
552 1 9980 965
553 0 9973 971
554 0 9972 307
555 1 9977 833
556 1 9980 697
557 1 9981 588
558 0 9978 255
559 1 9981 238
560 1 9982 553
561 1 9983 519
562 0 9979 765
563 0 9979 637
564 0 9980 783
565 1 9984 457
566 1 9984 555
567 1 9986 562
568 0 9982 36
569 0 9985 419
570 0 9984 493
571 0 9982 154
572 1 9987 829
573 1 9989 585
574 1 9987 225
575 0 9981 355
576 0 9980 542
577 1 9984 59
578 1 9984 920
579 1 9983 397
580 0 9978 222
581 0 9976 9
582 1 9980 126
583 0 9977 714
584 0 9980 758
585 1 9983 371
586 0 9978 130
587 0 9977 381
588 0 9980 840
589 1 9984 934
590 0 9981 436
591 1 9984 968
592 0 9978 661
593 1 9983 654
594 0 9977 732
595 0 9978 225
596 1 9984 934
597 0 9979 512
598 0 9977 35
599 1 9981 101
600 0 9976 56
601 1 9977 297
602 1 9978 454
603 1 9977 847
604 0 9975 454
605 1 9978 554
606 1 9976 669
607 1 9975 527
608 1 9976 167
609 0 9972 423
610 1 9977 109
611 0 9971 554
612 1 9976 620
613 0 9971 639
614 0 9971 387
615 1 9975 464
616 0 9969 306
617 0 9971 809
618 0 9970 769
619 0 9972 795
620 1 9976 118
621 0 9974 958
622 1 9978 902
623 0 9973 383
624 1 9978 16
625 1 9977 501
626 0 9974 886
627 0 9973 434
628 0 9975 211
629 1 9977 314
630 1 9980 937
631 1 9979 563
632 0 9973 269
633 0 9971 675
634 1 9975 518
635 1 9975 733
636 0 9973 21
637 1 9976 911
638 0 9972 875
639 0 9971 5
640 1 9975 4
641 1 9976 373
642 1 9975 465
643 1 9975 871
644 1 9975 951
645 0 9971 14
646 0 9970 100
647 1 9973 405
648 0 9967 916
649 0 9967 565
650 1 9971 229
651 1 9973 47
652 0 9970 132
653 1 9975 522
654 1 9976 126
655 1 9975 441
656 1 9976 212
657 0 9973 329
658 1 9977 228
659 0 9974 996
660 1 9976 964
661 1 9979 175
662 1 9980 152
663 0 9974 634
664 0 9976 926
665 0 9976 122
666 1 9981 197
667 0 9979 851
668 1 9981 72
669 1 9983 863
670 1 9983 519
671 0 9981 992
672 1 9985 113
673 0 9983 796
674 0 9984 502
675 0 9985 690
676 1 9987 289
677 0 9981 947
678 0 9981 44
679 0 9980 22
680 1 9982 350
681 1 9983 669
682 1 9982 529
683 1 9985 826
684 0 9980 700
685 0 9977 565
686 0 9976 757
687 0 9975 205
688 1 9980 305
689 1 9979 150
690 0 9976 693
691 0 9977 836
692 0 9978 132
693 1 9980 69
694 1 9979 733
695 0 9975 359
696 0 9972 182
697 0 9973 117
698 0 9976 369
699 1 9977 630
700 1 9977 206
701 1 9975 619
702 0 9974 100
703 1 9977 667
704 0 9975 592
705 1 9978 239
706 1 9980 305
707 1 9977 144
708 1 9979 662
709 1 9977 315
710 0 9975 14
711 1 9979 165
712 1 9976 359
713 1 9977 784
714 0 9974 390
715 1 9976 160
716 0 9974 744
717 0 9975 189
718 1 9978 46
719 1 9977 147
720 1 9976 2
721 0 9972 111
722 1 9976 628
723 0 9969 513
724 0 9970 657
725 0 9970 588
726 0 9972 508
727 1 9973 108
728 1 9972 343
729 1 9971 474
730 0 9970 487
731 0 9967 784
732 0 9968 511
733 0 9967 323
734 1 9972 541
735 0 9965 710
736 1 9970 375
737 0 9967 960
738 0 9968 919
739 0 9970 577
740 0 9972 543
741 0 9972 401
742 0 9971 53
743 1 9975 474
744 0 9970 451
745 1 9974 276
746 1 9973 873
747 1 9975 801
748 1 9974 587
749 1 9973 889
750 1 9973 352
751 1 9973 821
752 0 9967 240
753 1 9970 402
754 0 9966 993
755 1 9971 372
756 0 9967 771
757 0 9967 989
758 1 9973 257
759 1 9975 502
760 1 9974 104
761 1 9975 296
762 0 9970 628
763 1 9977 162
764 1 9976 41
765 0 9975 660
766 0 9974 597
767 0 9973 3
768 1 9974 236
769 1 9973 575
770 0 9968 478
771 1 9973 88
772 1 9972 133
773 1 9970 69
774 0 9967 93
775 1 9973 336
776 1 9970 987
777 0 9965 870
778 0 9964 741
779 0 9965 922
780 1 9966 70
781 0 9963 121
782 0 9965 470
783 0 9964 672
784 1 9970 945
785 1 9971 422
786 1 9969 862
787 1 9968 199
788 0 9966 22
789 1 9969 251
790 0 9962 510
791 1 9965 615
792 0 9963 72
793 1 9966 682
794 0 9962 856
795 0 9962 95
796 0 9960 205
797 1 9966 699
798 0 9963 325
799 1 9965 204
800 0 9964 282
801 1 9966 833
802 0 9963 183
803 0 9962 643
804 0 9960 439
805 0 9961 911
806 1 9966 559
807 0 9959 313
808 1 9963 463
809 0 9957 956
810 1 9962 262
811 1 9963 367
812 0 9960 653
813 1 9963 935
814 1 9962 515
815 0 9958 534
816 0 9958 179
817 1 9963 736
818 0 9958 409
819 0 9958 666
820 0 9958 892
821 1 9962 298
822 0 9959 516
823 0 9959 962
824 1 9964 830
825 0 9960 178
826 0 9962 662
827 1 9964 578
828 1 9965 366
829 1 9964 550
830 1 9966 132
831 0 9962 714
832 1 9964 848
833 1 9965 286
834 0 9958 642
835 0 9959 166
836 0 9960 392
837 0 9960 265
838 1 9966 747
839 1 9964 890
840 1 9963 263
841 1 9963 655
842 1 9964 261
843 1 9963 408
844 1 9961 711
845 0 9957 889
846 1 9963 562
847 0 9960 413
848 0 9958 80
849 1 9963 663
850 1 9960 72
851 1 9963 958
852 0 9957 664
853 0 9956 188
854 0 9954 512
855 0 9957 106
856 1 9962 389
857 1 9961 265
858 0 9958 538
859 1 9965 978
860 0 9961 390
861 0 9960 85
862 0 9961 780
863 1 9966 421
864 0 9963 26
865 1 9968 897
866 0 9964 791
867 1 9965 914
868 1 9966 654
869 1 9968 665
870 0 9963 107
871 1 9968 469
872 1 9969 38
873 0 9965 224
874 1 9969 144
875 0 9963 82
876 0 9966 302
877 0 9965 981
878 0 9967 103
879 1 9970 75
880 1 9971 26
881 1 9971 531
882 0 9968 139
883 0 9967 58
884 1 9970 553
885 0 9966 900
886 0 9968 461
887 0 9967 303
888 1 9971 349
889 0 9966 437
890 0 9965 856
891 1 9971 285
892 1 9970 886
893 1 9968 671
894 0 9965 285
895 1 9969 917
896 1 9969 102
897 0 9967 387
898 1 9970 968
899 1 9969 211
900 0 9966 122
901 1 9967 215
902 1 9966 671
903 1 9967 386
904 0 9962 568
905 0 9961 407
906 1 9966 35
907 0 9963 417
908 0 9964 118
909 0 9964 347
910 0 9965 94
911 1 9968 657
912 1 9966 125
913 1 9969 953
914 1 9967 307
915 1 9968 144
916 1 9969 231
917 1 9968 912
918 0 9964 814
919 0 9965 363
920 1 9968 648
921 1 9967 874
922 0 9960 603
923 0 9961 251
924 1 9963 298
925 1 9961 897
926 1 9962 548
927 0 9956 900
928 0 9955 91
929 1 9958 330
930 0 9954 276
931 1 9959 679
932 0 9955 462
933 0 9954 507
934 0 9954 81
935 0 9955 545
936 1 9961 68
937 0 9955 139
938 1 9961 141
939 0 9955 120
940 1 9960 431
941 0 9955 382
942 1 9959 772
943 0 9953 191
944 1 9959 566
945 0 9956 385
946 0 9958 821
947 1 9960 871
948 1 9958 954
949 0 9955 294
950 1 9962 260
951 0 9957 236
952 1 9959 280
953 0 9955 1000
954 1 9958 108
955 0 9951 696
956 1 9957 874
957 1 9956 19
958 0 9952 704
959 1 9958 31
960 1 9957 138
961 0 9955 259
962 0 9954 897
963 1 9960 147
964 1 9960 744
965 0 9956 486
966 1 9958 77
967 1 9958 847
968 0 9952 779
969 0 9954 909
970 0 9952 636
971 0 9951 308
972 1 9954 703
973 0 9949 59
974 1 9953 674
975 1 9953 313
976 1 9950 311
977 1 9949 886
978 0 9947 124
979 0 9945 472
980 0 9946 808
981 0 9946 693
982 0 9947 310
983 1 9951 133
984 1 9949 489
985 1 9950 254
986 1 9952 734
987 0 9947 267
988 0 9947 385
989 1 9950 353
990 0 9948 15
991 0 9946 37
992 1 9948 571
993 1 9949 662
994 1 9948 63
995 0 9944 754
996 0 9944 12
997 1 9947 99
998 0 9946 338
999 0 9946 212
1000 1 9949 854
1001 1 9951 775
1002 0 9944 933
1003 1 9947 235
1004 1 9947 240
1005 1 9947 42
1006 1 9949 86
1007 0 9946 737
1008 0 9946 161
1009 1 9947 361
1010 1 9948 735
1011 1 9947 664
1012 0 9944 80
1013 1 9947 428
1014 0 9944 186
1015 0 9945 41
1016 1 9948 269
1017 0 9942 426
1018 0 9942 736
1019 1 9946 471
1020 0 9942 835
1021 0 9945 932
1022 0 9943 403
1023 0 9945 98
1024 1 9948 977
1025 1 9949 620
1026 1 9948 449
1027 0 9943 259
1028 0 9945 309
1029 1 9947 657
1030 0 9944 703
1031 1 9950 377
1032 0 9947 95
1033 1 9950 130
1034 0 9947 861
1035 1 9951 660
1036 0 9947 719
1037 0 9947 889
1038 1 9953 582
1039 0 9949 401
1040 0 9947 430
1041 0 9945 311
1042 1 9948 471
1043 0 9947 954
1044 1 9951 728
1045 1 9951 858
1046 1 9952 588
1047 0 9948 798
1048 0 9946 577
1049 0 9949 718
1050 0 9949 730
1051 1 9953 242
1052 1 9955 977
1053 1 9953 502
1054 0 9952 360
1055 0 9949 136
1056 1 9955 229
1057 0 9950 284
1058 0 9951 476
1059 0 9951 2
1060 0 9950 374
1061 1 9954 135
1062 1 9955 508
1063 0 9952 34
1064 0 9951 990
1065 0 9952 176
1066 1 9954 41
1067 1 9955 440
1068 1 9954 6
1069 1 9956 311
1070 0 9951 248
1071 1 9954 264
1072 1 9956 646
1073 0 9949 491
1074 1 9953 676
1075 0 9949 600
1076 1 9952 412
1077 0 9948 812
1078 0 9948 947
1079 1 9953 528
1080 1 9956 417
1081 0 9953 106
1082 0 9954 468
1083 1 9955 316
1084 0 9953 935
1085 0 9952 837
1086 1 9956 966
1087 1 9956 230
1088 1 9957 319
1089 0 9953 375
1090 0 9953 485
1091 0 9953 83
1092 1 9958 441
1093 0 9953 783
1094 0 9952 157
1095 1 9953 262
1096 1 9952 254
1097 0 9951 231
1098 1 9954 239
1099 0 9948 264
1100 1 9950 417
1101 0 9947 19
1102 1 9952 299
1103 0 9945 223
1104 1 9950 167
1105 1 9952 173
1106 1 9954 929
1107 0 9948 263
1108 0 9947 994
1109 0 9947 274
1110 0 9947 155
1111 0 9945 705
1112 1 9951 752
1113 1 9953 514
1114 0 9946 450
1115 1 9949 533
1116 1 9950 3
1117 0 9948 576
1118 0 9948 358
1119 0 9947 326
1120 1 9954 310
1121 0 9948 839
1122 1 9952 193
1123 1 9953 91
1124 1 9954 64
1125 1 9955 61
1126 1 9955 791
1127 0 9950 141
1128 1 9952 150
1129 1 9953 72
1130 0 9948 846
1131 0 9948 381
1132 0 9949 448
1133 1 9954 712
1134 1 9953 256
1135 0 9949 770
1136 0 9949 410
1137 1 9952 535
1138 1 9952 325
1139 0 9948 932
1140 1 9953 144
1141 1 9954 308
1142 0 9952 682
1143 1 9955 69
1144 0 9950 482
1145 0 9951 781
1146 0 9951 726
1147 1 9956 288
1148 1 9958 216
1149 0 9955 404
1150 1 9958 523
1151 0 9953 901
1152 0 9952 299
1153 0 9951 567
1154 1 9956 336
1155 0 9952 417
1156 1 9956 621
1157 0 9951 648
1158 1 9952 536
1159 1 9953 664
1160 1 9954 86
1161 1 9954 506
1162 1 9953 849
1163 1 9951 448
1164 1 9953 881
1165 1 9953 249
1166 0 9947 630
1167 0 9947 786
1168 1 9950 577
1169 0 9946 427
1170 0 9946 233
1171 1 9949 927
1172 1 9950 328
1173 0 9947 855
1174 1 9954 173
1175 1 9953 781
1176 0 9948 545
1177 1 9950 59
1178 1 9952 214
1179 0 9947 6
1180 0 9946 11
1181 1 9953 278
1182 1 9951 699
1183 1 9953 244
1184 1 9950 182
1185 0 9947 908
1186 0 9946 546
1187 1 9951 839
1188 1 9952 148
1189 1 9951 120
1190 1 9952 329
1191 1 9951 849
1192 0 9944 376
1193 0 9943 311
1194 0 9946 292
1195 1 9951 693
1196 0 9945 750
1197 1 9949 24
1198 1 9952 683
1199 1 9950 659
1200 0 9946 575
1201 1 9951 485
1202 0 9946 956
1203 1 9949 719
1204 0 9945 282
1205 0 9947 217
1206 1 9952 687
1207 0 9947 974
1208 0 9948 114
1209 1 9951 730
1210 1 9952 974
1211 0 9950 2
1212 1 9954 343
1213 1 9953 822
1214 0 9952 226
1215 1 9955 417
1216 0 9949 40
1217 0 9947 37
1218 1 9952 859
1219 1 9951 934
1220 1 9950 946
1221 1 9947 810
1222 1 9947 765
1223 0 9941 470
1224 1 9946 138
1225 1 9947 308
1226 1 9944 491
1227 1 9947 936
1228 0 9943 997
1229 0 9943 540
1230 0 9940 817
1231 0 9939 56
1232 0 9941 541
1233 0 9939 778
1234 1 9943 656
1235 0 9938 194
1236 0 9936 373
1237 1 9941 163
1238 1 9944 827
1239 0 9941 113
1240 1 9942 880
1241 0 9939 163
1242 1 9942 865
1243 1 9940 98
1244 1 9939 759
1245 1 9937 48
1246 1 9936 309
1247 0 9932 840
1248 1 9936 274
1249 1 9937 203
1250 1 9937 47
1251 1 9938 375
1252 0 9935 208
1253 1 9938 319
1254 0 9935 526
1255 1 9939 776
1256 0 9935 26
1257 0 9934 542
1258 0 9933 209
1259 1 9938 115
1260 0 9932 136
1261 0 9935 405
1262 1 9938 726
1263 0 9931 337
1264 0 9934 399
1265 1 9937 714
1266 0 9933 259
1267 1 9939 474
1268 0 9932 293
1269 0 9932 181
1270 0 9933 230
1271 1 9935 827
1272 1 9936 35
1273 1 9939 159
1274 1 9939 435
1275 0 9933 627
1276 1 9939 778
1277 0 9937 788
1278 1 9940 282
1279 0 9935 827
1280 0 9936 532
1281 0 9934 945
1282 0 9933 736
1283 0 9934 345
1284 1 9940 311
1285 0 9933 324
1286 0 9936 83
1287 1 9938 344
1288 0 9934 86
1289 0 9933 992
1290 0 9934 728
1291 0 9936 173
1292 1 9939 234
1293 0 9936 620
1294 1 9938 981
1295 1 9939 269
1296 1 9938 544
1297 0 9935 143
1298 0 9935 815
1299 0 9937 914
1300 0 9934 474
1301 1 9939 64
1302 1 9938 584
1303 1 9938 399
1304 0 9936 660
1305 1 9939 515
1306 1 9938 39
1307 0 9933 653
1308 0 9936 231
1309 1 9941 98
1310 0 9936 762
1311 1 9938 616
1312 1 9937 303
1313 0 9935 830
1314 1 9939 702
1315 0 9937 95
1316 0 9934 316
1317 0 9936 477
1318 0 9937 177
1319 0 9937 274
1320 1 9938 522
1321 1 9937 384
1322 1 9937 116
1323 1 9937 985
1324 1 9937 197
1325 0 9933 372
1326 0 9930 753
1327 0 9931 595
1328 1 9936 771
1329 0 9933 783
1330 0 9934 990
1331 1 9939 382
1332 0 9935 777
1333 0 9935 343
1334 1 9938 54
1335 1 9938 693
1336 0 9933 841
1337 0 9933 933
1338 1 9939 321
1339 0 9936 818
1340 0 9934 213
1341 0 9937 430
1342 1 9941 443
1343 0 9939 838
1344 0 9937 313
1345 1 9940 574
1346 0 9935 44
1347 1 9938 155
1348 1 9939 900
1349 1 9938 450
1350 1 9939 322
1351 0 9934 908
1352 0 9936 221
1353 0 9935 225
1354 1 9939 666
1355 0 9934 874
1356 1 9939 109
1357 1 9941 556
1358 1 9941 113
1359 1 9941 974
1360 0 9937 507
1361 0 9935 39
1362 1 9940 248
1363 1 9937 829
1364 1 9936 820
1365 0 9931 845
1366 0 9931 610
1367 0 9930 619
1368 1 9936 820
1369 1 9936 189
1370 0 9932 358
1371 1 9939 319
1372 1 9940 387
1373 0 9936 797
1374 0 9936 110
1375 1 9941 188
1376 0 9934 790
1377 1 9939 649
1378 0 9936 310
1379 0 9937 446
1380 1 9942 686
1381 0 9937 364
1382 1 9938 139
1383 0 9934 570
1384 1 9939 824
1385 1 9939 444
1386 0 9936 413
1387 0 9935 856
1388 1 9938 637
1389 1 9936 222
1390 1 9938 238
1391 0 9934 279
1392 1 9940 627
1393 1 9939 532
1394 1 9937 568
1395 1 9937 954
1396 1 9934 328
1397 0 9932 32
1398 1 9936 84
1399 0 9931 263
1400 1 9936 261
1401 0 9935 222
1402 1 9939 618
1403 0 9935 251
1404 0 9934 826
1405 1 9939 628
1406 1 9941 902
1407 1 9941 76
1408 1 9941 6
1409 0 9939 277
1410 0 9938 507
1411 0 9938 821
1412 1 9944 486
1413 1 9943 689
1414 1 9944 757
1415 1 9945 154
1416 1 9947 122
1417 0 9945 619
1418 0 9944 72
1419 1 9950 191
1420 0 9944 604
1421 1 9951 186
1422 0 9944 682
1423 0 9944 971
1424 1 9947 157
1425 1 9947 254
1426 1 9950 816
1427 0 9947 914
1428 1 9952 834
1429 0 9949 859
1430 0 9948 302
1431 0 9947 198
1432 1 9952 636
1433 1 9951 63
1434 1 9954 691
1435 0 9948 148
1436 1 9950 376
1437 1 9949 5
1438 0 9947 785
1439 0 9947 764
1440 1 9952 686
1441 1 9951 24
1442 1 9953 122
1443 1 9951 782
1444 0 9949 578
1445 0 9951 995
1446 0 9952 95
1447 1 9954 450
1448 0 9950 846
1449 0 9950 300
1450 0 9948 156
1451 0 9948 335
1452 1 9951 202
1453 1 9953 254
1454 0 9948 654
1455 1 9951 779
1456 0 9947 360
1457 0 9945 985
1458 1 9952 468
1459 1 9953 991
1460 0 9950 81
1461 1 9953 991
1462 0 9947 829
1463 0 9947 593
1464 0 9944 968
1465 0 9944 700
1466 1 9946 995
1467 1 9945 384
1468 1 9946 95
1469 1 9948 989
1470 1 9948 201
1471 0 9946 976
1472 1 9948 792
1473 1 9949 577
1474 1 9950 34
1475 0 9947 942
1476 0 9947 899
1477 0 9947 426
1478 1 9951 199
1479 0 9949 780
1480 0 9950 314
1481 1 9951 771
1482 1 9952 983
1483 0 9949 778
1484 1 9952 958
1485 1 9950 977
1486 1 9949 613
1487 1 9948 519
1488 0 9945 903
1489 1 9951 939
1490 1 9952 306
1491 0 9947 14
1492 1 9952 916
1493 0 9945 453
1494 0 9946 284
1495 1 9950 966
1496 0 9945 169
1497 0 9945 884
1498 1 9949 936
1499 0 9945 645
1500 0 9946 132
1501 0 9943 73
1502 1 9950 311
1503 1 9950 454
1504 0 9945 61
1505 0 9947 165
1506 0 9944 822
1507 1 9950 745
1508 1 9949 355
1509 0 9945 679
1510 1 9952 299
1511 0 9947 117
1512 0 9949 9
1513 1 9953 640
1514 0 9950 798
1515 0 9951 754
1516 1 9953 472
1517 1 9955 894
1518 0 9950 392
1519 0 9949 630
1520 0 9949 996
1521 1 9953 990
1522 1 9955 342
1523 0 9951 787
1524 1 9958 489
1525 1 9956 877
1526 0 9950 587
1527 1 9956 891
1528 0 9954 526
1529 0 9951 995
1530 0 9954 564
1531 0 9951 63
1532 0 9954 30
1533 1 9956 376
1534 1 9954 405
1535 0 9953 207
1536 1 9955 433
1537 0 9950 257
1538 0 9950 832
1539 0 9951 565
1540 1 9953 426
1541 0 9950 58
1542 0 9948 507
1543 1 9954 914
1544 1 9952 683
1545 1 9951 89
1546 0 9949 449
1547 1 9951 914
1548 0 9948 293
1549 0 9949 861
1550 0 9950 815
1551 1 9952 930
1552 0 9948 752
1553 0 9945 976
1554 1 9950 641
1555 0 9945 993
1556 0 9944 609
1557 0 9944 433
1558 0 9943 50
1559 0 9944 661
1560 1 9946 618
1561 1 9949 936
1562 1 9948 283
1563 0 9943 849
1564 0 9944 428
1565 0 9945 149
1566 0 9945 304
1567 1 9950 740
1568 0 9946 898
1569 0 9948 446
1570 0 9946 914
1571 1 9953 26
1572 0 9948 406
1573 1 9950 411
1574 0 9948 890
1575 1 9951 927
1576 0 9947 326
1577 0 9949 335
1578 0 9948 735
1579 1 9953 640
1580 0 9950 948
1581 0 9950 105
1582 1 9954 213
1583 1 9954 126
1584 0 9951 684
1585 1 9955 877
1586 0 9949 345
1587 0 9949 446
1588 1 9954 659
1589 1 9952 982
1590 1 9953 824
1591 1 9952 974
1592 0 9948 696
1593 0 9947 449
1594 1 9949 268
1595 0 9945 125
1596 1 9950 27
1597 1 9948 711
1598 0 9943 945
1599 0 9941 379
1600 1 9946 966
1601 0 9940 520
1602 0 9942 622
1603 1 9945 414
1604 1 9944 698
1605 1 9943 122
1606 1 9942 979
1607 0 9939 957
1608 0 9937 585
1609 1 9941 613
1610 0 9936 824
1611 0 9935 916
1612 0 9933 24
1613 0 9933 737
1614 0 9933 38
1615 1 9937 581
1616 1 9938 683
1617 0 9933 357
1618 0 9931 880
1619 0 9929 962
1620 0 9932 573
1621 1 9934 634
1622 1 9935 503
1623 1 9936 44
1624 1 9937 520
1625 1 9939 600
1626 0 9933 472
1627 0 9931 699
1628 0 9932 513
1629 1 9936 113
1630 1 9937 464
1631 1 9935 945
1632 1 9935 833
1633 0 9931 881
1634 1 9932 96
1635 1 9931 575
1636 1 9934 599
1637 0 9929 817
1638 1 9932 404
1639 1 9935 264
1640 1 9936 3
1641 0 9933 396
1642 1 9936 614
1643 0 9933 81
1644 0 9930 977
1645 0 9933 741
1646 1 9938 504
1647 0 9933 174
1648 0 9934 312
1649 0 9931 509
1650 0 9930 910
1651 0 9930 768
1652 1 9935 804
1653 1 9933 232
1654 0 9930 202
1655 1 9936 390
1656 1 9934 733
1657 0 9931 998
1658 1 9938 379
1659 1 9939 667
1660 1 9938 687
1661 1 9939 9
1662 0 9933 191
1663 0 9935 685
1664 0 9934 567
1665 1 9941 950
1666 0 9936 619
1667 1 9939 737
1668 0 9933 473
1669 1 9937 914
1670 0 9936 28
1671 1 9937 935
1672 1 9939 646
1673 1 9937 27
1674 1 9939 615
1675 0 9936 628
1676 0 9938 904
1677 1 9943 533
1678 1 9942 628
1679 1 9941 785
1680 1 9941 475
1681 0 9939 868
1682 1 9942 779
1683 1 9942 25
1684 1 9941 143
1685 1 9942 28
1686 0 9936 253
1687 0 9938 959
1688 1 9942 234
1689 0 9941 554
1690 0 9942 389
1691 0 9941 442
1692 1 9945 637
1693 1 9947 657
1694 1 9947 1
1695 0 9941 142
1696 0 9941 320
1697 0 9941 15
1698 0 9941 705
1699 0 9942 438
1700 0 9943 453
1701 0 9943 422
1702 0 9943 877
1703 0 9942 357
1704 1 9944 401
1705 1 9943 229
1706 1 9944 605
1707 0 9939 27
1708 1 9940 117
1709 1 9941 831
1710 0 9935 789
1711 1 9940 624
1712 0 9936 711
1713 1 9943 984
1714 0 9936 8
1715 1 9941 100
1716 1 9940 867
1717 0 9938 467
1718 1 9941 613
1719 0 9936 929
1720 0 9938 308
1721 1 9940 789
1722 0 9936 570
1723 1 9938 986
1724 1 9938 898
1725 0 9934 66
1726 0 9935 222
1727 0 9937 915
1728 1 9939 595
1729 0 9937 375
1730 0 9937 771
1731 1 9941 214
1732 1 9940 915
1733 1 9941 668
1734 0 9936 136
1735 1 9940 851
1736 0 9934 324
1737 1 9939 20
1738 0 9935 811
1739 1 9940 168
1740 0 9938 887
1741 0 9937 578
1742 1 9943 717
1743 1 9943 178
1744 1 9945 869
1745 0 9942 759
1746 0 9942 838
1747 0 9943 497
1748 1 9946 910
1749 0 9941 888
1750 0 9941 482
1751 0 9942 832
1752 1 9944 463
1753 0 9939 928
1754 1 9942 208
1755 1 9944 642
1756 0 9939 708
1757 1 9943 462
1758 1 9946 659
1759 0 9942 895
1760 0 9940 819
1761 0 9942 945
1762 1 9947 152
1763 1 9949 268
1764 1 9950 608
1765 0 9945 894
1766 0 9942 973
1767 0 9942 331
1768 0 9942 248
1769 1 9946 67
1770 1 9944 860
1771 1 9944 744
1772 1 9944 557
1773 1 9942 644
1774 1 9940 400
1775 0 9937 825
1776 1 9940 465
1777 0 9939 523
1778 1 9942 38
1779 0 9937 313
1780 0 9940 460
1781 1 9944 773
1782 0 9939 8
1783 1 9943 21
1784 1 9942 309
1785 0 9941 545
1786 0 9942 701
1787 1 9945 643
1788 1 9944 809
1789 1 9945 646
1790 1 9944 955
1791 0 9939 400
1792 0 9941 409
1793 0 9943 28
1794 1 9945 614
1795 0 9943 521
1796 1 9944 500
1797 1 9947 259
1798 0 9942 711
1799 0 9943 763
1800 1 9947 239
1801 1 9947 536
1802 1 9949 337
1803 0 9945 576
1804 0 9947 565
1805 1 9949 298
1806 0 9946 163
1807 1 9952 35
1808 1 9954 896
1809 0 9949 169
1810 0 9951 759
1811 1 9955 865
1812 1 9954 522
1813 1 9955 264
1814 1 9958 811
1815 1 9957 386
1816 0 9952 644
1817 0 9951 683
1818 1 9957 153
1819 1 9959 95
1820 0 9954 659
1821 0 9953 448
1822 1 9960 451
1823 0 9954 797
1824 1 9959 12
1825 0 9956 607
1826 0 9955 794
1827 0 9956 743
1828 0 9956 664
1829 1 9960 43
1830 1 9961 98
1831 1 9961 156
1832 0 9956 110
1833 1 9961 852
1834 1 9961 125
1835 0 9957 770
1836 1 9960 67
1837 0 9957 387
1838 1 9961 660
1839 1 9959 336
1840 1 9960 48
1841 0 9956 300
1842 0 9957 247
1843 0 9957 406
1844 0 9956 784
1845 1 9962 680
1846 0 9956 96
1847 0 9955 649
1848 1 9962 678
1849 0 9956 30
1850 0 9955 560
1851 0 9953 79
1852 1 9957 951
1853 1 9957 50
1854 1 9955 136
1855 0 9951 327
1856 1 9955 993
1857 1 9955 816
1858 0 9949 899
1859 1 9954 427
1860 1 9956 881
1861 0 9951 847
1862 1 9955 149
1863 0 9953 470
1864 0 9952 642
1865 1 9956 276
1866 0 9952 383
1867 1 9957 580
1868 0 9951 509
1869 0 9951 444
1870 0 9952 58
1871 0 9951 649
1872 1 9958 615
1873 0 9955 842
1874 1 9960 917
1875 0 9956 382
1876 0 9956 857
1877 0 9955 715
1878 0 9955 669
1879 1 9959 569
1880 1 9958 993
1881 0 9953 67
1882 0 9954 919
1883 1 9959 129
1884 0 9954 456
1885 1 9958 631
1886 1 9958 230
1887 0 9954 7
1888 0 9955 137
1889 0 9954 512
1890 1 9960 390
1891 1 9960 189
1892 1 9962 559
1893 0 9957 710
1894 1 9962 317
1895 0 9958 792
1896 1 9964 932
1897 0 9957 156
1898 0 9958 441
1899 0 9958 452
1900 0 9957 527
1901 1 9963 622
1902 1 9960 808
1903 0 9955 437
1904 1 9959 169
1905 0 9955 774
1906 1 9958 566
1907 1 9960 848
1908 0 9956 527
1909 0 9959 25
1910 0 9956 593
1911 0 9958 4
1912 1 9961 867
1913 1 9959 162
1914 0 9957 217
1915 1 9961 723
1916 0 9958 741
1917 0 9958 705
1918 0 9956 208
1919 0 9955 830
1920 1 9962 869
1921 1 9960 774
1922 0 9957 821
1923 1 9962 866
1924 0 9958 825
1925 0 9959 70
1926 1 9961 131
1927 0 9956 539
1928 0 9957 566
1929 1 9962 288
1930 0 9958 648
1931 1 9964 401
1932 0 9962 158
1933 0 9962 668
1934 1 9968 189
1935 0 9965 455
1936 1 9969 363
1937 1 9969 970
1938 0 9965 875
1939 0 9965 874
1940 0 9965 615
1941 1 9971 414
1942 0 9966 998
1943 0 9966 329
1944 1 9969 941
1945 0 9967 203
1946 1 9971 203
1947 1 9969 838
1948 0 9965 57
1949 0 9964 227
1950 0 9963 364
1951 0 9962 169
1952 1 9966 947
1953 1 9967 827
1954 0 9962 94
1955 0 9963 894
1956 1 9966 170
1957 1 9965 143
1958 0 9960 450
1959 0 9959 175
1960 1 9965 809
1961 1 9965 90
1962 1 9965 322
1963 0 9962 683
1964 1 9968 715
1965 0 9964 373
1966 1 9969 72
1967 0 9965 61
1968 1 9969 415
1969 0 9965 220
1970 1 9968 165
1971 0 9964 583
1972 1 9968 946
1973 1 9968 730
1974 0 9964 78
1975 0 9963 998
1976 1 9968 515
1977 1 9969 77
1978 1 9971 962
1979 0 9969 549
1980 1 9971 637
1981 1 9970 404
1982 0 9966 226
1983 0 9965 515
1984 0 9966 839
1985 0 9964 819
1986 0 9964 268
1987 1 9968 38
1988 1 9970 553
1989 1 9969 930
1990 1 9966 382
1991 1 9966 85
1992 0 9962 495
1993 1 9963 823
1994 1 9964 642
1995 1 9962 458
1996 1 9960 225
1997 1 9962 59
1998 0 9958 477
1999 1 9960 930
