7 10001 100
8 10000 100
9 10003 100
12 10000 100
15 9997 100
16 9996 100
17 9997 100
19 9995 100
20 9995 100
21 9995 100
22 9995 100
23 9995 100
26 9997 100
27 9997 100
29 9998 100
31 9995 100
32 9998 100
33 9997 100
34 9997 100
36 9997 100
37 9996 100
38 9994 100
41 9994 100
47 9990 100
48 9988 100
49 9988 100
52 9993 100
60 9985 100
61 9987 100
67 9987 100
68 9987 100
69 9987 100
70 9987 100
71 9989 100
73 9987 100
75 9987 100
76 9987 100
77 9987 100
78 9987 100
79 9987 100
80 9987 100
84 9987 100
85 9987 100
87 9991 100
88 9992 100
90 9991 100
91 9991 100
92 9991 100
93 9991 100
94 9993 100
95 9993 100
96 9993 100
97 9995 100
98 9993 100
99 9992 100
101 9992 100
102 9992 100
103 9991 100
104 9991 100
109 9993 100
115 9992 100
117 9992 100
118 9992 100
119 9992 100
120 9989 100
127 9986 100
128 9986 100
129 9989 100
130 9989 100
136 9987 100
137 9987 100
138 9988 100
139 9988 100
151 9983 100
154 9986 100
159 9985 100
160 9986 100
161 9986 100
162 9986 100
163 9986 100
164 9986 100
165 9986 100
166 9990 100
167 9990 100
168 9990 100
170 9988 100
171 9988 100
176 9983 100
180 9978 100
181 9981 100
184 9980 100
187 9976 100
193 9975 100
195 9976 100
196 9975 100
197 9975 100
198 9977 100
199 9977 100
200 9976 100
204 9979 100
205 9982 100
207 9982 100
208 9981 100
209 9981 100
210 9983 100
211 9983 100
212 9982 100
213 9983 100
214 9985 100
215 9985 100
216 9985 100
218 9985 100
224 9984 100
227 9982 100
228 9981 100
230 9981 100
232 9981 100
233 9981 100
237 9980 100
239 9980 100
240 9980 100
241 9980 100
242 9977 100
243 9977 100
245 9978 100
246 9978 100
247 9975 100
248 9978 100
249 9977 100
253 9977 100
254 9979 100
255 9979 100
256 9976 100
257 9976 100
258 9976 100
259 9976 100
261 9975 100
262 9976 100
271 9973 100
272 9973 100
273 9972 100
274 9972 100
275 9972 100
276 9974 100
277 9974 100
278 9972 100
279 9972 100
280 9974 100
281 9974 100
283 9974 100
288 9969 100
290 9968 100
293 9968 100
297 9969 100
298 9969 100
299 9969 100
301 9966 100
302 9966 100
303 9966 100
304 9966 100
305 9971 100
306 9972 100
307 9973 100
308 9970 100
309 9970 100
310 9971 100
321 9975 100
330 9971 100
331 9970 100
333 9971 100
334 9971 100
335 9968 100
336 9969 100
339 9969 100
340 9969 100
341 9969 100
351 9967 100
352 9967 100
356 9968 100
358 9969 100
362 9967 100
363 9969 100
365 9969 100
366 9969 100
368 9970 100
369 9970 100
370 9972 100
371 9972 100
372 9970 100
373 9969 100
380 9971 100
381 9971 100
387 9973 100
389 9973 100
390 9973 100
391 9975 100
392 9976 100
394 9976 100
395 9977 100
399 9978 100
401 9979 100
402 9980 100
408 9974 100
409 9974 100
414 9973 100
419 9973 100
420 9975 100
421 9974 100
430 9971 100
431 9971 100
433 9974 100
434 9974 100
442 9974 100
444 9974 100
445 9975 100
448 9975 100
449 9975 100
450 9975 100
451 9974 100
452 9974 100
454 9974 100
455 9975 100
456 9975 100
464 9977 100
467 9974 100
474 9974 100
475 9974 100
476 9976 100
477 9975 100
478 9976 100
479 9976 100
482 9978 100
483 9978 100
485 9978 100
488 9977 100
489 9977 100
493 9975 100
494 9976 100
501 9977 100
504 9981 100
505 9981 100
506 9981 100
507 9981 100
510 9980 100
512 9980 100
513 9978 100
514 9980 100
515 9979 100
516 9978 100
518 9980 100
519 9980 100
520 9980 100
521 9982 100
522 9982 100
523 9982 100
525 9982 100
526 9980 100
527 9980 100
528 9980 100
529 9981 100
530 9979 100
531 9979 100
532 9978 100
533 9981 100
534 9981 100
535 9981 100
537 9978 100
538 9978 100
539 9978 100
541 9977 100
542 9977 100
543 9980 100
544 9980 100
545 9980 100
553 9980 100
559 9981 100
562 9983 100
563 9983 100
564 9983 100
565 9984 100
566 9984 100
567 9986 100
575 9987 100
576 9987 100
577 9984 100
579 9983 100
583 9980 100
584 9980 100
585 9983 100
587 9983 100
588 9983 100
593 9983 100
594 9983 100
608 9976 100
609 9976 100
610 9977 100
611 9977 100
613 9976 100
617 9975 100
618 9975 100
619 9975 100
620 9976 100
621 9976 100
622 9978 100
624 9978 100
626 9977 100
633 9979 100
634 9975 100
640 9975 100
648 9973 100
649 9973 100
650 9971 100
651 9973 100
652 9973 100
654 9976 100
657 9976 100
658 9977 100
659 9977 100
660 9976 100
661 9979 100
662 9980 100
663 9980 100
664 9980 100
667 9981 100
668 9981 100
670 9983 100
671 9983 100
672 9985 100
673 9985 100
674 9985 100
675 9985 100
676 9987 100
677 9987 100
689 9979 100
690 9979 100
691 9979 100
693 9980 100
700 9977 100
705 9978 100
706 9980 100
707 9977 100
709 9977 100
715 9976 100
716 9976 100
717 9976 100
718 9978 100
719 9977 100
720 9976 100
721 9976 100
724 9976 100
727 9973 100
728 9972 100
729 9971 100
730 9971 100
731 9971 100
732 9971 100
735 9972 100
736 9970 100
737 9970 100
738 9970 100
739 9970 100
740 9970 100
741 9970 100
745 9974 100
750 9973 100
754 9970 100
755 9971 100
756 9971 100
757 9971 100
758 9973 100
759 9975 100
760 9974 100
761 9975 100
762 9975 100
763 9977 100
764 9976 100
765 9976 100
766 9976 100
771 9973 100
772 9972 100
773 9970 100
774 9970 100
780 9966 100
781 9966 100
782 9966 100
783 9966 100
785 9971 100
787 9968 100
790 9969 100
794 9966 100
799 9965 100
800 9965 100
805 9966 100
806 9966 100
809 9963 100
810 9962 100
811 9963 100
812 9963 100
814 9962 100
815 9962 100
820 9963 100
821 9962 100
822 9962 100
823 9962 100
824 9964 100
827 9964 100
828 9965 100
829 9964 100
830 9966 100
831 9966 100
833 9965 100
834 9965 100
836 9965 100
840 9963 100
842 9964 100
845 9961 100
846 9963 100
850 9960 100
858 9961 100
863 9966 100
868 9966 100
869 9968 100
872 9969 100
873 9969 100
874 9969 100
876 9969 100
877 9969 100
879 9970 100
880 9971 100
885 9970 100
889 9971 100
890 9971 100
891 9971 100
893 9968 100
896 9969 100
897 9969 100
899 9969 100
904 9967 100
905 9967 100
906 9966 100
907 9966 100
908 9966 100
909 9966 100
910 9966 100
927 9962 100
936 9961 100
937 9961 100
946 9959 100
950 9962 100
953 9959 100
954 9958 100
955 9958 100
957 9956 100
958 9956 100
959 9958 100
960 9957 100
961 9957 100
962 9957 100
963 9960 100
964 9960 100
966 9958 100
969 9958 100
983 9951 100
985 9950 100
989 9950 100
995 9948 100
998 9947 100
999 9947 100
1002 9951 100
1003 9947 100
1004 9947 100
1005 9947 100
1006 9949 100
1007 9949 100
1008 9949 100
1017 9948 100
1018 9948 100
1019 9946 100
1020 9946 100
1021 9946 100
1030 9947 100
1031 9950 100
1034 9950 100
1035 9951 100
1036 9951 100
1037 9951 100
1038 9953 100
1043 9948 100
1044 9951 100
1045 9951 100
1046 9952 100
1047 9952 100
1049 9952 100
1050 9952 100
1051 9953 100
1053 9953 100
1057 9955 100
1058 9955 100
1060 9955 100
1061 9954 100
1064 9955 100
1066 9954 100
1068 9954 100
1076 9952 100
1077 9952 100
1078 9952 100
1079 9953 100
1080 9956 100
1082 9956 100
1083 9955 100
1084 9955 100
1085 9955 100
1087 9956 100
1088 9957 100
1089 9957 100
1090 9957 100
1093 9958 100
1099 9954 100
1104 9950 100
1105 9952 100
1108 9954 100
1113 9953 100
1116 9950 100
1117 9950 100
1118 9950 100
1119 9950 100
1120 9954 100
1121 9954 100
1122 9952 100
1123 9953 100
1124 9954 100
1125 9955 100
1126 9955 100
1129 9953 100
1130 9953 100
1131 9953 100
1132 9953 100
1134 9953 100
1135 9953 100
1136 9953 100
1138 9952 100
1139 9952 100
1140 9953 100
1141 9954 100
1142 9954 100
1143 9955 100
1144 9955 100
1145 9955 100
1146 9955 100
1147 9956 100
1148 9958 100
1149 9958 100
1151 9958 100
1153 9958 100
1154 9956 100
1155 9956 100
1157 9956 100
1158 9952 100
1160 9954 100
1161 9954 100
1163 9951 100
1165 9953 100
1166 9953 100
1167 9953 100
1168 9950 100
1173 9950 100
1174 9954 100
1175 9953 100
1177 9950 100
1178 9952 100
1185 9950 100
1186 9950 100
1188 9952 100
1189 9951 100
1190 9952 100
1196 9951 100
1197 9949 100
1198 9952 100
1199 9950 100
1201 9951 100
1202 9951 100
1203 9949 100
1207 9952 100
1224 9946 100
1225 9947 100
1228 9947 100
1234 9943 100
1237 9941 100
1243 9940 100
1245 9937 100
1247 9936 100
1248 9936 100
1249 9937 100
1250 9937 100
1251 9938 100
1254 9938 100
1259 9938 100
1260 9938 100
1261 9938 100
1272 9936 100
1273 9939 100
1275 9939 100
1277 9939 100
1278 9940 100
1279 9940 100
1280 9940 100
1281 9940 100
1282 9940 100
1283 9940 100
1284 9940 100
1285 9940 100
1289 9938 100
1290 9938 100
1293 9939 100
1295 9939 100
1296 9938 100
1298 9938 100
1299 9938 100
1301 9939 100
1303 9938 100
1304 9938 100
1305 9939 100
1306 9938 100
1307 9938 100
1308 9938 100
1309 9941 100
1310 9941 100
1311 9938 100
1312 9937 100
1313 9937 100
1314 9939 100
1322 9937 100
1324 9937 100
1325 9937 100
1326 9937 100
1327 9937 100
1329 9936 100
1330 9936 100
1331 9939 100
1332 9939 100
1334 9938 100
1336 9938 100
1337 9938 100
1338 9939 100
1339 9939 100
1341 9939 100
1343 9941 100
1351 9939 100
1355 9939 100
1356 9939 100
1357 9941 100
1358 9941 100
1365 9936 100
1369 9936 100
1370 9936 100
1371 9939 100
1373 9940 100
1376 9941 100
1377 9939 100
1382 9938 100
1383 9938 100
1385 9939 100
1387 9939 100
1388 9938 100
1389 9936 100
1390 9938 100
1391 9938 100
1399 9936 100
1400 9936 100
1404 9939 100
1405 9939 100
1407 9941 100
1408 9941 100
1409 9941 100
1410 9941 100
1411 9941 100
1412 9944 100
1413 9943 100
1414 9944 100
1415 9945 100
1416 9947 100
1417 9947 100
1420 9950 100
1421 9951 100
1422 9951 100
1423 9951 100
1424 9947 100
1425 9947 100
1426 9950 100
1427 9950 100
1428 9952 100
1429 9952 100
1433 9951 100
1437 9949 100
1438 9949 100
1439 9949 100
1440 9952 100
1441 9951 100
1442 9953 100
1445 9951 100
1448 9954 100
1452 9951 100
1453 9953 100
1454 9953 100
1457 9951 100
1458 9952 100
1467 9945 100
1468 9946 100
1470 9948 100
1471 9948 100
1472 9948 100
1473 9949 100
1474 9950 100
1475 9950 100
1476 9950 100
1477 9950 100
1478 9951 100
1479 9951 100
1480 9951 100
1486 9949 100
1487 9948 100
1488 9948 100
1490 9952 100
1506 9950 100
1507 9950 100
1508 9949 100
1509 9949 100
1510 9952 100
1514 9953 100
1515 9953 100
1516 9953 100
1520 9955 100
1521 9953 100
1522 9955 100
1523 9955 100
1524 9958 100
1529 9956 100
1538 9955 100
1539 9955 100
1540 9953 100
1542 9953 100
1545 9951 100
1546 9951 100
1553 9952 100
1554 9950 100
1555 9950 100
1559 9950 100
1560 9946 100
1562 9948 100
1563 9948 100
1564 9948 100
1566 9948 100
1568 9950 100
1570 9950 100
1571 9953 100
1572 9953 100
1574 9950 100
1579 9953 100
1580 9953 100
1584 9954 100
1594 9949 100
1596 9950 100
1598 9948 100
1603 9945 100
1605 9943 100
1610 9941 100
1611 9941 100
1613 9941 100
1618 9938 100
1619 9938 100
1622 9935 100
1623 9936 100
1624 9937 100
1627 9939 100
1629 9936 100
1630 9937 100
1633 9935 100
1634 9932 100
1635 9931 100
1636 9934 100
1637 9934 100
1638 9932 100
1639 9935 100
1640 9936 100
1641 9936 100
1644 9936 100
1645 9936 100
1646 9938 100
1649 9938 100
1650 9938 100
1651 9938 100
1653 9933 100
1657 9934 100
1658 9938 100
1659 9939 100
1660 9938 100
1661 9939 100
1662 9939 100
1663 9939 100
1664 9939 100
1673 9937 100
1675 9939 100
1676 9939 100
1677 9943 100
1678 9942 100
1679 9941 100
1680 9941 100
1681 9941 100
1682 9942 100
1683 9942 100
1684 9941 100
1685 9942 100
1686 9942 100
1687 9942 100
1688 9942 100
1689 9942 100
1690 9942 100
1691 9942 100
1694 9947 100
1695 9947 100
1696 9947 100
1697 9947 100
1698 9947 100
1699 9947 100
1700 9947 100
1701 9947 100
1702 9947 100
1703 9947 100
1705 9943 100
1711 9940 100
1712 9940 100
1719 9941 100
1727 9938 100
1728 9939 100
1730 9939 100
1731 9941 100
1733 9941 100
1737 9939 100
1738 9939 100
1739 9940 100
1740 9940 100
1741 9940 100
1743 9943 100
1752 9944 100
1753 9944 100
1754 9942 100
1755 9944 100
1756 9944 100
1757 9943 100
1758 9946 100
1759 9946 100
1760 9946 100
1761 9946 100
1762 9947 100
1763 9949 100
1764 9950 100
1765 9950 100
1766 9950 100
1769 9946 100
1775 9940 100
1776 9940 100
1777 9940 100
1778 9942 100
1779 9942 100
1780 9942 100
1785 9942 100
1786 9942 100
1787 9945 100
1789 9945 100
1796 9944 100
1797 9947 100
1798 9947 100
1799 9947 100
1800 9947 100
1801 9947 100
1802 9949 100
1803 9949 100
1804 9949 100
1805 9949 100
1807 9952 100
1812 9954 100
1813 9955 100
1815 9957 100
1816 9957 100
1817 9957 100
1818 9957 100
1819 9959 100
1820 9959 100
1821 9959 100
1823 9960 100
1824 9959 100
1825 9959 100
1826 9959 100
1827 9959 100
1828 9959 100
1829 9960 100
1830 9961 100
1831 9961 100
1835 9961 100
1836 9960 100
1837 9960 100
1839 9959 100
1840 9960 100
1841 9960 100
1842 9960 100
1843 9960 100
1844 9960 100
1845 9962 100
1853 9957 100
1855 9955 100
1858 9955 100
1859 9954 100
1860 9956 100
1862 9955 100
1863 9955 100
1864 9955 100
1865 9956 100
1866 9956 100
1871 9957 100
1872 9958 100
1873 9958 100
1879 9959 100
1883 9959 100
1884 9959 100
1886 9958 100
1889 9958 100
1890 9960 100
1891 9960 100
1893 9962 100
1894 9962 100
1895 9962 100
1904 9959 100
1905 9959 100
1906 9958 100
1914 9959 100
1916 9961 100
1919 9961 100
1921 9960 100
1922 9960 100
1927 9961 100
1928 9961 100
1929 9962 100
1930 9962 100
1931 9964 100
1933 9964 100
1934 9968 100
1935 9968 100
1936 9969 100
1941 9971 100
1942 9971 100
1946 9971 100
1955 9967 100
1956 9966 100
1957 9965 100
1958 9965 100
1959 9965 100
1961 9965 100
1963 9965 100
1966 9969 100
1970 9968 100
1971 9968 100
1975 9968 100
1976 9968 100
1977 9969 100
1978 9971 100
1981 9970 100
1983 9970 100
1984 9970 100
1985 9970 100
1987 9968 100
1991 9966 100
1992 9966 100
1995 9962 100
1996 9960 100
1997 9962 100
1998 9962 100
